96.804644	794.606439	0.000000	377.284204	-0.110036	-0.001874
98.763633	794.606128	0.000000	377.284352	-0.077845	-0.001874
99.788097	794.606121	38190.000000	377.284355	-0.095872	-0.001874
95.675713	794.606139	38500.000000	377.284347	-0.095872	-0.001874
94.393507	794.606142	32590.000000	377.284345	-0.095872	-0.001874
94.524676	794.606152	34930.000000	377.284340	-0.095872	-0.001874
97.499943	794.606217	34210.000000	377.284310	-0.095872	-0.001874
98.202782	794.606286	30590.000000	377.284277	-0.095872	-0.001874
99.498867	794.606362	27200.000000	377.284241	-0.095872	-0.000587
99.675063	794.606389	25650.000000	377.284228	-0.094584	-0.000587
98.630197	794.606390	25400.000000	377.284227	-0.095872	-0.001874
96.058694	794.606403	26620.000000	377.284221	-0.095872	-0.001874
97.859320	794.606398	26220.000000	377.284223	-0.095872	-0.001874
96.306082	794.606407	26850.000000	377.284219	-0.097159	-0.001874
94.474146	794.606407	28390.000000	377.284219	-0.095872	-0.001874
94.644622	794.606409	28580.000000	377.284218	-0.094584	-0.001874
94.305550	794.606420	26660.000000	377.284213	-0.095872	-0.000587
93.885826	794.606419	28110.000000	377.284214	-0.094584	-0.001874
93.768744	794.606416	30450.000000	377.284215	-0.094584	-0.001874
96.010239	794.606426	29500.000000	377.284210	-0.095872	-0.000587
96.133278	794.606430	30080.000000	377.284208	-0.094584	-0.001874
98.102902	794.606447	30780.000000	377.284201	-0.094584	-0.000587
97.837455	794.606475	32380.000000	377.284187	-0.094584	-0.001874
97.474434	794.606527	34100.000000	377.284162	-0.094584	-0.001874
97.591063	794.606550	37370.000000	377.284152	-0.094584	-0.001874
98.179152	794.606570	39660.000000	377.284142	-0.095872	-0.000587
95.955081	794.606582	39480.000000	377.284136	-0.094584	-0.001874
96.785425	794.606584	40650.000000	377.284135	-0.094584	-0.001874
95.193710	794.606586	39430.000000	377.284134	-0.094584	-0.000587
94.752165	794.606591	40020.000000	377.284132	-0.094584	-0.000587
97.439054	794.606588	40430.000000	377.284133	-0.095872	-0.001874
96.481616	794.606592	39880.000000	377.284132	-0.094584	-0.001874
97.506625	794.606588	40380.000000	377.284134	-0.094584	-0.000587
95.921688	794.606600	41980.000000	377.284128	-0.094584	-0.001874
96.382546	794.606621	43180.000000	377.284118	-0.094584	-0.001874
96.966597	794.606652	43950.000000	377.284103	-0.094584	-0.000587
97.405039	794.606667	47100.000000	377.284096	-0.094584	-0.001874
96.705641	794.606701	47580.000000	377.284080	-0.094584	-0.001874
96.081181	794.606728	47610.000000	377.284067	-0.094584	-0.001874
96.357278	794.606737	47620.000000	377.284063	-0.095872	-0.001874
96.226743	794.606737	47800.000000	377.284063	-0.094584	-0.001874
98.995685	794.606751	49110.000000	377.284056	-0.094584	-0.001874
98.724546	794.606749	49010.000000	377.284057	-0.094584	-0.001874
95.769224	794.606770	49050.000000	377.284047	-0.094584	-0.000587
95.146890	794.606771	48100.000000	377.284046	-0.094584	-0.001874
95.667935	794.606786	50750.000000	377.284040	-0.095872	-0.000587
95.419112	794.606788	49870.000000	377.284039	-0.094584	-0.001874
95.379905	794.606787	50180.000000	377.284039	-0.094584	-0.001874
98.759570	794.606799	49900.000000	377.284033	-0.095872	-0.000587
99.243135	794.606802	50390.000000	377.284032	-0.094584	-0.001874
96.351034	794.606818	50650.000000	377.284024	-0.094584	-0.001874
94.196062	794.606830	49550.000000	377.284019	-0.094584	-0.000587
98.037529	794.606838	50830.000000	377.284015	-0.094584	-0.001874
99.016721	794.606846	49580.000000	377.284011	-0.094584	-0.001874
95.797705	794.606863	49210.000000	377.284003	-0.095872	-0.001874
94.125663	794.606866	46220.000000	377.284002	-0.095872	-0.001874
95.324376	794.607019	47880.000000	377.283929	-0.094584	-0.001874
97.122729	794.607084	48260.000000	377.283898	-0.095872	-0.001874
97.110948	794.607100	45230.000000	377.283890	-0.095872	-0.000587
95.623605	794.607126	47250.000000	377.283878	-0.095872	-0.001874
98.237853	794.607140	47990.000000	377.283871	-0.094584	-0.000587
96.984498	794.607152	46870.000000	377.283866	-0.094584	-0.001874
95.771798	794.607169	46650.000000	377.283858	-0.094584	-0.000587
96.470405	794.607183	44640.000000	377.283851	-0.095872	-0.001874
97.200505	794.607204	45920.000000	377.283841	-0.094584	-0.001874
96.358818	794.607212	45570.000000	377.283837	-0.095872	-0.000587
96.371125	794.607236	44690.000000	377.283826	-0.095872	-0.000587
96.252368	794.607278	45870.000000	377.283806	-0.095872	-0.001874
96.303837	794.607298	45290.000000	377.283796	-0.095872	-0.001874
97.346780	794.607314	46170.000000	377.283789	-0.095872	-0.000587
96.364574	794.607327	43990.000000	377.283783	-0.095872	-0.001874
97.814160	794.607330	47210.000000	377.283781	-0.095872	-0.000587
95.926988	794.607355	44820.000000	377.283769	-0.095872	-0.000587
95.844544	794.607350	46800.000000	377.283772	-0.095872	-0.000587
96.447044	794.607363	45300.000000	377.283766	-0.097159	-0.001874
96.285122	794.607364	45680.000000	377.283765	-0.095872	-0.001874
96.990132	794.607386	47070.000000	377.283754	-0.095872	-0.001874
96.412743	794.607411	46960.000000	377.283742	-0.094584	-0.001874
96.993468	794.607444	45870.000000	377.283727	-0.095872	-0.001874
95.962126	794.607459	46090.000000	377.283720	-0.095872	-0.001874
94.266332	794.607474	47920.000000	377.283713	-0.095872	-0.001874
96.127890	794.607482	49660.000000	377.283709	-0.095872	-0.001874
95.976103	794.607480	52470.000000	377.283710	-0.095872	-0.000587
95.421815	794.607478	52170.000000	377.283711	-0.095872	-0.001874
97.583016	794.607486	51480.000000	377.283707	-0.095872	-0.000587
94.033931	794.607481	52460.000000	377.283709	-0.095872	-0.000587
95.746594	794.607477	52940.000000	377.283711	-0.095872	-0.001874
94.708816	794.607469	52620.000000	377.283715	-0.095872	-0.001874
95.557377	794.607466	52780.000000	377.283716	-0.095872	-0.001874
97.456573	794.607460	53350.000000	377.283719	-0.095872	-0.000587
98.558483	794.607454	52440.000000	377.283722	-0.095872	-0.001874
99.899078	794.607453	51970.000000	377.283723	-0.095872	-0.000587
98.197047	794.607450	53260.000000	377.283724	-0.095872	-0.001874
99.887824	794.607443	52820.000000	377.283728	-0.095872	-0.001874
95.761898	794.607437	54280.000000	377.283730	-0.095872	-0.001874
95.551098	794.607430	53310.000000	377.283734	-0.095872	-0.001874
95.894556	794.607420	53700.000000	377.283739	-0.097159	-0.001874
96.123724	794.607415	52450.000000	377.283741	-0.095872	-0.001874
96.697258	794.607372	53590.000000	377.283761	-0.095872	-0.000587
97.283611	794.607306	52940.000000	377.283793	-0.095872	-0.000587
97.932242	794.607293	53790.000000	377.283799	-0.095872	-0.001874
94.989083	794.607309	51920.000000	377.283791	-0.095872	-0.000587
94.553316	794.607308	52490.000000	377.283792	-0.095872	-0.001874
95.686889	794.607304	52000.000000	377.283793	-0.095872	-0.001874
96.423771	794.607285	49430.000000	377.283802	-0.097159	-0.000587
97.385784	794.607246	50020.000000	377.283821	-0.095872	-0.000587
97.170533	794.607224	48850.000000	377.283832	-0.094584	-0.000587
96.706388	794.607196	47760.000000	377.283845	-0.095872	-0.000587
97.392977	794.607181	47150.000000	377.283852	-0.095872	-0.000587
97.451871	794.607171	46650.000000	377.283857	-0.097159	-0.001874
96.504276	794.607153	45490.000000	377.283865	-0.097159	-0.001874
95.737914	794.607152	45830.000000	377.283865	-0.098447	-0.000587
96.523772	794.607131	46230.000000	377.283876	-0.098447	-0.001874
97.325394	794.607133	44200.000000	377.283875	-0.098447	-0.000587
97.214356	794.607125	43860.000000	377.283878	-0.098447	-0.001874
95.712523	794.607069	45800.000000	377.283905	-0.098447	-0.000587
97.502688	794.606955	44190.000000	377.283959	-0.098447	-0.001874
99.042897	794.606937	44360.000000	377.283968	-0.098447	-0.001874
96.051855	794.606891	45730.000000	377.283990	-0.098447	-0.000587
95.504069	794.606877	44040.000000	377.283996	-0.098447	-0.001874
96.270768	794.606844	43510.000000	377.284012	-0.098447	-0.001874
97.897557	794.606843	42960.000000	377.284012	-0.098447	-0.000587
98.735230	794.606838	43390.000000	377.284015	-0.098447	-0.000587
96.294776	794.606833	42380.000000	377.284017	-0.098447	-0.001874
95.719597	794.606818	44710.000000	377.284024	-0.099735	-0.001874
96.760040	794.606795	43270.000000	377.284035	-0.098447	-0.000587
96.761584	794.606788	43580.000000	377.284039	-0.097159	-0.000587
96.371334	794.606772	43070.000000	377.284046	-0.098447	-0.001874
96.260381	794.606752	43600.000000	377.284056	-0.098447	-0.001874
96.381408	794.606738	41550.000000	377.284062	-0.098447	-0.000587
96.921774	794.606712	41650.000000	377.284075	-0.098447	-0.001874
97.423745	794.606677	44160.000000	377.284091	-0.098447	-0.000587
97.521709	794.606666	43700.000000	377.284096	-0.098447	-0.000587
95.950357	794.606632	43910.000000	377.284112	-0.098447	-0.001874
96.538586	794.606623	42190.000000	377.284117	-0.099735	-0.001874
97.883400	794.606612	42140.000000	377.284122	-0.098447	-0.001874
97.147005	794.606593	42250.000000	377.284131	-0.098447	-0.000587
95.712498	794.606591	42770.000000	377.284132	-0.098447	-0.001874
93.970229	794.606576	41670.000000	377.284139	-0.098447	-0.000587
96.499460	794.606576	40030.000000	377.284139	-0.097159	-0.001874
97.359719	794.606569	39850.000000	377.284143	-0.098447	-0.001874
98.477505	794.606561	39590.000000	377.284146	-0.097159	-0.001874
97.108208	794.606552	39270.000000	377.284151	-0.098447	-0.001874
98.721249	794.606555	37850.000000	377.284149	-0.097159	-0.001874
94.803822	794.606545	37610.000000	377.284154	-0.098447	-0.000587
94.939829	794.606534	37540.000000	377.284159	-0.098447	-0.001874
93.997129	794.606537	36460.000000	377.284158	-0.098447	-0.000587
96.763402	794.606527	36940.000000	377.284163	-0.098447	-0.000587
97.177404	794.606512	35880.000000	377.284169	-0.098447	-0.000587
97.474632	794.606480	33660.000000	377.284185	-0.095872	-0.000587
96.326899	794.606455	29030.000000	377.284197	-0.097159	-0.000587
95.914593	794.606456	22320.000000	377.284196	-0.097159	-0.000587
97.621942	794.606426	21050.000000	377.284210	-0.098447	-0.001874
94.891262	794.606417	20330.000000	377.284215	-0.098447	-0.001874
94.590778	794.606409	21850.000000	377.284218	-0.098447	-0.000587
94.603610	794.606409	22740.000000	377.284218	-0.097159	-0.001874
94.300275	794.606417	23600.000000	377.284215	-0.097159	-0.001874
95.743568	794.606412	23100.000000	377.284217	-0.095872	-0.000587
97.421354	794.606402	23670.000000	377.284222	-0.097159	-0.000587
95.665331	794.606404	24680.000000	377.284221	-0.098447	-0.001874
98.196253	794.606390	23850.000000	377.284228	-0.098447	-0.001874
98.613774	794.606389	25090.000000	377.284228	-0.097159	-0.000587
95.576120	794.606380	23850.000000	377.284232	-0.097159	-0.000587
96.301300	794.606314	24890.000000	377.284264	-0.098447	-0.000587
95.221814	794.606252	28070.000000	377.284293	-0.097159	-0.000587
96.877773	794.606204	30860.000000	377.284316	-0.098447	-0.001874
95.301906	794.606192	33590.000000	377.284321	-0.097159	-0.001874
95.603294	794.606203	34590.000000	377.284316	-0.097159	-0.001874
97.915805	794.606172	34650.000000	377.284331	-0.097159	-0.001874
97.139714	794.606174	35120.000000	377.284330	-0.098447	-0.001874
95.360643	794.606165	35960.000000	377.284334	-0.097159	-0.000587
95.510963	794.606149	37440.000000	377.284342	-0.097159	-0.001874
96.372002	794.606072	37480.000000	377.284379	-0.098447	-0.000587
95.839616	794.606044	35960.000000	377.284392	-0.098447	-0.001874
97.254555	794.606039	36340.000000	377.284394	-0.098447	-0.000587
96.358689	794.606015	34390.000000	377.284405	-0.097159	-0.000587
96.167231	794.605946	33480.000000	377.284438	-0.097159	-0.001874
96.602597	794.605917	30940.000000	377.284452	-0.098447	-0.001874
96.596711	794.605885	30020.000000	377.284467	-0.097159	-0.001874
96.483126	794.605852	30600.000000	377.284483	-0.097159	-0.000587
95.782119	794.605831	32490.000000	377.284493	-0.097159	-0.001874
96.028810	794.605835	37720.000000	377.284491	-0.097159	-0.000587
95.967086	794.605812	35890.000000	377.284502	-0.097159	-0.001874
95.246651	794.605802	38520.000000	377.284506	-0.097159	-0.001874
96.142786	794.605793	39370.000000	377.284511	-0.097159	-0.001874
96.154984	794.605789	40800.000000	377.284513	-0.097159	-0.001874
96.519265	794.605755	41770.000000	377.284529	-0.097159	-0.000587
97.147383	794.605737	43270.000000	377.284537	-0.097159	-0.001874
96.370296	794.605714	44270.000000	377.284548	-0.097159	-0.001874
96.250909	794.605691	44520.000000	377.284559	-0.097159	-0.001874
97.008761	794.605693	45240.000000	377.284559	-0.097159	-0.001874
97.157719	794.605678	46990.000000	377.284566	-0.097159	-0.001874
97.040714	794.605669	46090.000000	377.284570	-0.097159	-0.001874
97.281035	794.605663	45890.000000	377.284573	-0.095872	-0.001874
97.607685	794.605652	46820.000000	377.284578	-0.097159	-0.001874
95.651066	794.605640	46140.000000	377.284584	-0.097159	-0.001874
95.006201	794.605638	46380.000000	377.284585	-0.097159	-0.001874
95.142875	794.605629	46140.000000	377.284589	-0.097159	-0.001874
95.178273	794.605626	44760.000000	377.284590	-0.098447	-0.001874
96.625227	794.605625	45620.000000	377.284591	-0.097159	-0.001874
96.856046	794.605618	45730.000000	377.284594	-0.097159	-0.001874
95.185213	794.605605	45250.000000	377.284600	-0.097159	-0.001874
96.598227	794.605534	43360.000000	377.284634	-0.098447	-0.001874
95.960142	794.605555	38610.000000	377.284624	-0.097159	-0.001874
96.531070	794.605522	35990.000000	377.284639	-0.097159	-0.001874
96.301861	794.605502	32110.000000	377.284649	-0.098447	-0.001874
96.800949	794.605493	29540.000000	377.284653	-0.097159	-0.001874
96.959349	794.605499	28780.000000	377.284651	-0.098447	-0.001874
96.808789	794.605494	29300.000000	377.284653	-0.097159	-0.001874
98.253894	794.605479	29050.000000	377.284660	-0.098447	-0.001874
97.733683	794.605478	29790.000000	377.284660	-0.097159	-0.001874
95.735383	794.605471	32570.000000	377.284664	-0.097159	-0.000587
95.796179	794.605473	31850.000000	377.284663	-0.097159	-0.001874
95.955687	794.605448	34130.000000	377.284675	-0.098447	-0.001874
95.903016	794.605450	33620.000000	377.284674	-0.097159	-0.001874
97.748347	794.605448	34390.000000	377.284675	-0.098447	-0.001874
97.367752	794.605434	34760.000000	377.284682	-0.098447	-0.000587
95.717085	794.605421	35860.000000	377.284688	-0.098447	-0.001874
95.385933	794.605395	37510.000000	377.284700	-0.097159	-0.000587
97.023980	794.605390	37980.000000	377.284703	-0.098447	-0.001874
96.448924	794.605330	39690.000000	377.284731	-0.098447	-0.001874
96.199969	794.605313	39700.000000	377.284739	-0.098447	-0.000587
96.484224	794.605267	40850.000000	377.284761	-0.098447	-0.000587
96.099648	794.605227	42350.000000	377.284780	-0.098447	-0.001874
96.426530	794.605192	42220.000000	377.284796	-0.098447	-0.000587
95.778503	794.605152	44110.000000	377.284815	-0.098447	-0.001874
96.581627	794.605133	44430.000000	377.284824	-0.098447	-0.001874
95.960263	794.605025	44780.000000	377.284876	-0.098447	-0.000587
96.132384	794.605022	46180.000000	377.284877	-0.098447	-0.001874
95.757205	794.605003	46380.000000	377.284886	-0.098447	-0.001874
95.967988	794.604997	50540.000000	377.284889	-0.098447	-0.001874
96.014304	794.604975	53060.000000	377.284900	-0.098447	-0.001874
95.944959	794.604950	51260.000000	377.284911	-0.099735	-0.000587
96.080529	794.604907	51000.000000	377.284931	-0.098447	-0.001874
95.730229	794.604879	52090.000000	377.284945	-0.098447	-0.001874
95.917065	794.604850	51740.000000	377.284959	-0.099735	-0.001874
95.811921	794.604846	50790.000000	377.284961	-0.099735	-0.001874
97.045509	794.604814	51410.000000	377.284976	-0.099735	-0.000587
97.031524	794.604805	50700.000000	377.284980	-0.099735	-0.001874
97.605472	794.604802	51150.000000	377.284981	-0.099735	-0.001874
96.986700	794.604787	52310.000000	377.284989	-0.099735	-0.001874
95.490053	794.604780	50430.000000	377.284992	-0.099735	-0.001874
95.164153	794.604767	51940.000000	377.284998	-0.101022	-0.001874
95.446434	794.604763	51540.000000	377.285000	-0.099735	-0.001874
97.009893	794.604759	51270.000000	377.285002	-0.099735	-0.001874
98.565451	794.604752	50640.000000	377.285005	-0.099735	-0.001874
98.755436	794.604748	52390.000000	377.285007	-0.099735	-0.001874
96.954765	794.604743	50810.000000	377.285009	-0.101022	-0.000587
95.760273	794.604735	52660.000000	377.285014	-0.101022	-0.001874
94.762342	794.604724	52410.000000	377.285019	-0.099735	-0.000587
96.266366	794.604722	52220.000000	377.285019	-0.099735	-0.001874
97.839185	794.604710	52790.000000	377.285025	-0.099735	-0.001874
95.744455	794.604712	51680.000000	377.285024	-0.101022	-0.000587
96.268421	794.604712	52430.000000	377.285024	-0.101022	-0.001874
94.769999	794.604720	51580.000000	377.285020	-0.101022	-0.001874
94.164461	794.604726	53160.000000	377.285017	-0.101022	-0.000587
94.623018	794.604731	50980.000000	377.285015	-0.101022	-0.000587
94.745779	794.604736	51950.000000	377.285013	-0.101022	-0.001874
98.046906	794.604743	50950.000000	377.285010	-0.101022	-0.001874
98.796446	794.604751	50080.000000	377.285006	-0.102310	-0.000587
98.045319	794.604752	49770.000000	377.285005	-0.101022	-0.000587
94.070733	794.604765	49940.000000	377.284999	-0.102310	-0.001874
94.537630	794.604762	49050.000000	377.285001	-0.101022	-0.001874
94.893546	794.604775	50020.000000	377.284994	-0.101022	-0.001874
96.279080	794.604781	48780.000000	377.284992	-0.101022	-0.001874
96.960096	794.604790	48730.000000	377.284987	-0.101022	-0.001874
98.834227	794.604799	48340.000000	377.284983	-0.102310	-0.001874
97.158802	794.604816	48520.000000	377.284975	-0.101022	-0.001874
96.418935	794.604813	49080.000000	377.284976	-0.102310	-0.001874
95.768248	794.604859	48390.000000	377.284954	-0.101022	-0.001874
96.786083	794.604854	47750.000000	377.284957	-0.102310	-0.000587
95.724662	794.604909	49300.000000	377.284931	-0.102310	-0.001874
96.345569	794.604943	48050.000000	377.284915	-0.102310	-0.001874
96.006766	794.604976	48280.000000	377.284899	-0.102310	-0.001874
96.117494	794.604996	48740.000000	377.284890	-0.102310	-0.001874
96.452929	794.605015	48520.000000	377.284880	-0.102310	-0.001874
95.949073	794.605041	49290.000000	377.284868	-0.103598	-0.000587
96.345851	794.605064	48760.000000	377.284857	-0.102310	-0.001874
96.676012	794.605087	48640.000000	377.284846	-0.102310	-0.001874
96.523410	794.605162	48470.000000	377.284810	-0.101022	-0.001874
96.382266	794.605214	48980.000000	377.284786	-0.102310	-0.001874
98.258055	794.605326	48620.000000	377.284732	-0.102310	-0.001874
96.746879	794.605371	47770.000000	377.284711	-0.103598	-0.000587
97.365277	794.605367	46080.000000	377.284713	-0.103598	-0.001874
99.474797	794.605383	44430.000000	377.284706	-0.103598	-0.000587
98.510330	794.605378	45910.000000	377.284708	-0.103598	-0.001874
99.782865	794.605384	44880.000000	377.284705	-0.104885	-0.000587
98.113359	794.605386	44960.000000	377.284704	-0.103598	-0.000587
94.394854	794.605400	44550.000000	377.284697	-0.103598	-0.001874
94.404102	794.605398	41930.000000	377.284699	-0.104885	-0.001874
93.589216	794.605400	43350.000000	377.284697	-0.103598	-0.000587
97.546923	794.605415	42020.000000	377.284690	-0.104885	-0.001874
98.772780	794.605417	41990.000000	377.284689	-0.103598	-0.001874
97.655565	794.605431	40230.000000	377.284683	-0.103598	-0.001874
96.978242	794.605430	37560.000000	377.284683	-0.103598	-0.000587
95.158536	794.605437	35990.000000	377.284680	-0.103598	-0.000587
96.728888	794.605458	34040.000000	377.284670	-0.103598	-0.001874
96.704520	794.605476	31810.000000	377.284661	-0.102310	-0.001874
96.352788	794.605517	30870.000000	377.284642	-0.104885	-0.001874
96.708852	794.605530	34420.000000	377.284636	-0.104885	-0.000587
96.540963	794.605525	33080.000000	377.284638	-0.104885	-0.001874
95.702784	794.605519	31740.000000	377.284641	-0.103598	-0.000587
95.938170	794.605534	29750.000000	377.284634	-0.104885	-0.001874
97.289248	794.605540	30520.000000	377.284631	-0.104885	-0.000587
96.592312	794.605588	32640.000000	377.284608	-0.104885	-0.000587
95.669995	794.605581	36440.000000	377.284612	-0.104885	-0.001874
97.133582	794.605605	38500.000000	377.284600	-0.103598	-0.001874
97.403176	794.605653	41350.000000	377.284577	-0.104885	-0.001874
96.577553	794.605673	42290.000000	377.284568	-0.104885	-0.001874
97.126899	794.605697	42960.000000	377.284556	-0.104885	-0.001874
98.021093	794.605699	42030.000000	377.284556	-0.106173	-0.001874
98.333386	794.605708	42320.000000	377.284551	-0.103598	-0.001874
94.961770	794.605718	41430.000000	377.284547	-0.103598	-0.001874
97.036161	794.605715	39760.000000	377.284548	-0.104885	-0.001874
94.784225	794.605723	40380.000000	377.284544	-0.104885	-0.001874
95.241342	794.605727	40890.000000	377.284542	-0.103598	-0.001874
96.071390	794.605734	40080.000000	377.284539	-0.104885	-0.001874
98.851557	794.605739	39120.000000	377.284536	-0.103598	-0.001874
99.255975	794.605749	38510.000000	377.284532	-0.104885	-0.000587
99.363772	794.605749	37900.000000	377.284532	-0.103598	-0.001874
96.035136	794.605755	37370.000000	377.284529	-0.104885	-0.001874
94.474049	794.605760	38140.000000	377.284527	-0.104885	-0.001874
94.349825	794.605776	36080.000000	377.284519	-0.104885	-0.001874
94.465517	794.605771	36480.000000	377.284522	-0.104885	-0.000587
97.963288	794.605802	35040.000000	377.284507	-0.103598	-0.001874
96.906736	794.605862	34770.000000	377.284478	-0.104885	-0.001874
95.321912	794.605894	30670.000000	377.284463	-0.104885	-0.001874
97.168562	794.605909	29740.000000	377.284456	-0.104885	-0.001874
95.623105	794.605934	27800.000000	377.284444	-0.103598	-0.001874
97.156169	794.605921	28360.000000	377.284450	-0.103598	-0.001874
97.555985	794.605962	26330.000000	377.284431	-0.104885	-0.000587
95.888449	794.606102	32010.000000	377.284364	-0.103598	-0.001874
95.232937	794.606102	40610.000000	377.284364	-0.104885	-0.000587
94.350637	794.606101	43390.000000	377.284365	-0.103598	-0.001874
96.553818	794.606113	42770.000000	377.284359	-0.103598	-0.000587
94.951117	794.606111	42250.000000	377.284360	-0.104885	-0.000587
96.250280	794.606133	42070.000000	377.284349	-0.104885	-0.001874
95.804065	794.606165	43580.000000	377.284334	-0.104885	-0.001874
96.259802	794.606241	43050.000000	377.284298	-0.103598	-0.001874
97.049116	794.606281	38110.000000	377.284279	-0.104885	-0.001874
96.529573	794.606314	34990.000000	377.284263	-0.103598	-0.001874
95.844935	794.606331	34220.000000	377.284255	-0.103598	-0.001874
96.817648	794.606332	32630.000000	377.284255	-0.103598	-0.001874
97.668570	794.606346	31810.000000	377.284249	-0.103598	-0.000587
97.724542	794.606356	29060.000000	377.284244	-0.103598	-0.001874
96.049373	794.606375	29300.000000	377.284235	-0.103598	-0.000587
97.295806	794.606382	26040.000000	377.284231	-0.103598	-0.001874
96.944242	794.606398	24380.000000	377.284224	-0.103598	-0.000587
97.232705	794.606417	21480.000000	377.284215	-0.104885	-0.001874
96.366544	794.606421	19900.000000	377.284213	-0.103598	-0.001874
96.175228	794.606420	18930.000000	377.284213	-0.103598	-0.001874
95.584752	794.606422	18910.000000	377.284212	-0.103598	-0.001874
96.157521	794.606433	18360.000000	377.284207	-0.103598	-0.001874
97.422507	794.606431	18840.000000	377.284208	-0.103598	-0.001874
98.212347	794.606449	18500.000000	377.284199	-0.103598	-0.001874
97.846813	794.606445	18540.000000	377.284201	-0.103598	-0.000587
95.164077	794.606459	19080.000000	377.284195	-0.104885	-0.001874
94.600410	794.606462	20250.000000	377.284194	-0.103598	-0.000587
96.370328	794.606476	20830.000000	377.284187	-0.103598	-0.001874
96.836904	794.606481	23390.000000	377.284184	-0.103598	-0.001874
96.207925	794.606525	24680.000000	377.284164	-0.103598	-0.001874
97.310390	794.606535	30290.000000	377.284159	-0.103598	-0.001874
96.008227	794.606586	32760.000000	377.284134	-0.103598	-0.001874
96.923957	794.606593	37920.000000	377.284131	-0.104885	-0.000587
97.658515	794.606602	37710.000000	377.284127	-0.102310	-0.001874
98.238557	794.606615	38980.000000	377.284121	-0.103598	-0.001874
95.721507	794.606623	39930.000000	377.284117	-0.103598	-0.001874
96.016579	794.606625	40360.000000	377.284116	-0.103598	-0.001874
95.614784	794.606630	41950.000000	377.284113	-0.103598	-0.000587
95.872308	794.606637	42000.000000	377.284110	-0.102310	-0.001874
97.013545	794.606644	41400.000000	377.284107	-0.103598	-0.001874
98.004636	794.606653	41980.000000	377.284103	-0.103598	-0.001874
98.220190	794.606653	42200.000000	377.284102	-0.102310	-0.001874
96.434495	794.606668	42050.000000	377.284095	-0.102310	-0.001874
95.705466	794.606682	43060.000000	377.284089	-0.102310	-0.001874
96.307794	794.606706	43310.000000	377.284077	-0.103598	-0.000587
96.397044	794.606765	44400.000000	377.284049	-0.103598	-0.001874
95.955746	794.606784	45820.000000	377.284040	-0.102310	-0.000587
96.380986	794.606803	45540.000000	377.284031	-0.103598	-0.001874
97.710680	794.606817	45960.000000	377.284025	-0.103598	-0.000587
97.024327	794.606820	47120.000000	377.284024	-0.102310	-0.001874
97.033703	794.606828	47930.000000	377.284019	-0.103598	-0.000587
95.591089	794.606832	49010.000000	377.284017	-0.103598	-0.001874
97.056823	794.606826	48600.000000	377.284020	-0.102310	-0.000587
94.300072	794.606840	49970.000000	377.284014	-0.103598	-0.001874
97.520559	794.606861	48300.000000	377.284004	-0.103598	-0.000587
95.022812	794.606895	50020.000000	377.283988	-0.103598	-0.001874
96.677774	794.606933	50520.000000	377.283970	-0.103598	-0.001874
97.322544	794.607005	50940.000000	377.283935	-0.103598	-0.001874
97.857046	794.607022	51680.000000	377.283928	-0.103598	-0.001874
98.155533	794.607034	50720.000000	377.283922	-0.103598	-0.001874
96.234379	794.607059	52050.000000	377.283910	-0.102310	-0.000587
95.832099	794.607185	52200.000000	377.283850	-0.103598	-0.000587
94.957148	794.607192	53040.000000	377.283847	-0.103598	-0.000587
96.841858	794.607217	51230.000000	377.283835	-0.103598	-0.000587
98.261987	794.607222	52020.000000	377.283832	-0.102310	-0.001874
98.764081	794.607228	52870.000000	377.283830	-0.102310	-0.001874
95.358541	794.607240	52090.000000	377.283824	-0.102310	-0.001874
93.544167	794.607251	51650.000000	377.283819	-0.103598	-0.001874
94.101192	794.607247	52260.000000	377.283821	-0.102310	-0.001874
97.638940	794.607278	52180.000000	377.283806	-0.102310	-0.001874
94.941619	794.607288	52440.000000	377.283801	-0.102310	-0.000587
98.432711	794.607311	53310.000000	377.283790	-0.102310	-0.001874
96.477784	794.607323	52640.000000	377.283785	-0.103598	-0.000587
94.964057	794.607330	49880.000000	377.283781	-0.103598	-0.001874
97.634493	794.607346	50510.000000	377.283774	-0.103598	-0.000587
97.757844	794.607357	49150.000000	377.283768	-0.103598	-0.000587
96.675192	794.607365	48950.000000	377.283765	-0.102310	-0.001874
95.044997	794.607381	48630.000000	377.283757	-0.103598	-0.001874
96.031053	794.607396	47950.000000	377.283750	-0.103598	-0.000587
95.572069	794.607403	47130.000000	377.283747	-0.103598	-0.000587
97.176086	794.607412	48610.000000	377.283742	-0.102310	-0.001874
96.852193	794.607456	47260.000000	377.283721	-0.103598	-0.001874
96.770307	794.607462	47980.000000	377.283718	-0.102310	-0.000587
96.084555	794.607499	47100.000000	377.283701	-0.102310	-0.001874
97.927911	794.607511	46390.000000	377.283695	-0.103598	-0.001874
98.854120	794.607520	46930.000000	377.283691	-0.102310	-0.001874
96.413829	794.607537	47990.000000	377.283683	-0.103598	-0.001874
96.124458	794.607525	48040.000000	377.283689	-0.102310	-0.000587
98.947654	794.607525	46950.000000	377.283689	-0.102310	-0.001874
98.394299	794.607518	47170.000000	377.283692	-0.102310	-0.000587
96.211885	794.607507	47470.000000	377.283697	-0.103598	-0.001874
95.357764	794.607503	47240.000000	377.283699	-0.103598	-0.000587
95.451645	794.607493	47390.000000	377.283704	-0.102310	-0.000587
96.733401	794.607469	46180.000000	377.283715	-0.103598	-0.001874
97.675620	794.607439	46890.000000	377.283729	-0.103598	-0.000587
97.213794	794.607406	46360.000000	377.283745	-0.102310	-0.001874
95.525689	794.607386	48460.000000	377.283755	-0.103598	-0.000587
96.150068	794.607380	46170.000000	377.283757	-0.103598	-0.001874
96.040284	794.607369	47920.000000	377.283763	-0.103598	-0.001874
96.451711	794.607373	48740.000000	377.283761	-0.103598	-0.001874
96.743639	794.607337	50030.000000	377.283778	-0.103598	-0.001874
97.009086	794.607327	50130.000000	377.283783	-0.102310	-0.001874
95.357940	794.607317	53300.000000	377.283787	-0.103598	-0.001874
95.945721	794.607286	52960.000000	377.283802	-0.103598	-0.000587
97.944367	794.607274	53550.000000	377.283808	-0.103598	-0.000587
98.352535	794.607260	50860.000000	377.283814	-0.102310	-0.001874
97.195234	794.607261	52750.000000	377.283814	-0.103598	-0.001874
95.473864	794.607244	51850.000000	377.283822	-0.102310	-0.001874
96.986202	794.607233	52290.000000	377.283827	-0.103598	-0.000587
97.387737	794.607231	52910.000000	377.283828	-0.103598	-0.000587
98.422443	794.607219	53840.000000	377.283834	-0.103598	-0.001874
97.564095	794.607211	53460.000000	377.283838	-0.102310	-0.001874
97.345193	794.607216	53080.000000	377.283835	-0.102310	-0.000587
95.145494	794.607202	50860.000000	377.283842	-0.103598	-0.001874
97.424428	794.607186	53540.000000	377.283850	-0.103598	-0.001874
95.910738	794.607133	51800.000000	377.283875	-0.103598	-0.000587
96.985190	794.607078	51940.000000	377.283901	-0.103598	-0.000587
95.710740	794.607040	53590.000000	377.283919	-0.103598	-0.001874
95.391519	794.607040	51920.000000	377.283919	-0.103598	-0.001874
95.987349	794.606994	51060.000000	377.283941	-0.103598	-0.000587
97.104044	794.606882	51190.000000	377.283994	-0.103598	-0.001874
94.794054	794.606918	51240.000000	377.283977	-0.103598	-0.000587
93.847558	794.606870	48480.000000	377.284000	-0.103598	-0.001874
94.448928	794.606868	46840.000000	377.284001	-0.103598	-0.001874
95.501185	794.606849	47500.000000	377.284009	-0.103598	-0.000587
95.170925	794.606857	45720.000000	377.284006	-0.103598	-0.001874
96.724466	794.606837	46800.000000	377.284015	-0.103598	-0.001874
96.511812	794.606834	43730.000000	377.284017	-0.103598	-0.001874
97.104251	794.606807	45340.000000	377.284029	-0.103598	-0.001874
97.171053	794.606813	45150.000000	377.284027	-0.102310	-0.001874
96.809736	794.606746	41720.000000	377.284058	-0.103598	-0.001874
96.981422	794.606708	42170.000000	377.284077	-0.102310	-0.001874
97.711679	794.606677	41980.000000	377.284091	-0.102310	-0.001874
98.191999	794.606675	40100.000000	377.284092	-0.102310	-0.001874
97.113887	794.606670	39390.000000	377.284095	-0.102310	-0.000587
95.653880	794.606660	40120.000000	377.284099	-0.102310	-0.000587
97.272560	794.606649	41760.000000	377.284105	-0.103598	-0.001874
95.468541	794.606655	39290.000000	377.284102	-0.102310	-0.001874
97.087169	794.606637	40690.000000	377.284110	-0.102310	-0.001874
96.113731	794.606624	39300.000000	377.284116	-0.102310	-0.000587
95.569117	794.606614	39200.000000	377.284121	-0.103598	-0.001874
95.861245	794.606617	37500.000000	377.284120	-0.102310	-0.000587
97.969059	794.606596	38310.000000	377.284130	-0.102310	-0.001874
96.167988	794.606586	37360.000000	377.284134	-0.102310	-0.001874
96.573444	794.606569	37250.000000	377.284142	-0.102310	-0.001874
96.288641	794.606535	36120.000000	377.284159	-0.101022	-0.001874
95.210043	794.606499	35490.000000	377.284176	-0.103598	-0.000587
97.168148	794.606522	31820.000000	377.284165	-0.103598	-0.000587
95.757808	794.606490	33600.000000	377.284180	-0.102310	-0.000587
96.866692	794.606498	30900.000000	377.284176	-0.102310	-0.001874
96.149171	794.606500	30100.000000	377.284175	-0.102310	-0.000587
96.427768	794.606487	31560.000000	377.284182	-0.102310	-0.000587
96.897822	794.606494	30330.000000	377.284178	-0.103598	-0.001874
96.509786	794.606463	28820.000000	377.284193	-0.103598	-0.001874
96.168848	794.606438	25520.000000	377.284205	-0.103598	-0.001874
96.038397	794.606430	24720.000000	377.284209	-0.103598	-0.001874
95.468927	794.606406	24770.000000	377.284220	-0.103598	-0.001874
96.590581	794.606402	24530.000000	377.284222	-0.103598	-0.001874
97.263879	794.606392	24210.000000	377.284227	-0.103598	-0.001874
98.084109	794.606376	22940.000000	377.284234	-0.103598	-0.000587
94.514080	794.606366	25440.000000	377.284239	-0.103598	-0.000587
94.234680	794.606356	23890.000000	377.284243	-0.103598	-0.001874
94.529134	794.606355	24700.000000	377.284244	-0.103598	-0.001874
96.567646	794.606350	24960.000000	377.284246	-0.103598	-0.001874
98.660323	794.606350	25860.000000	377.284247	-0.102310	-0.000587
96.349770	794.606329	27270.000000	377.284256	-0.103598	-0.001874
95.159056	794.606324	27300.000000	377.284259	-0.103598	-0.001874
95.401867	794.606311	28790.000000	377.284265	-0.103598	-0.001874
96.282262	794.606309	28660.000000	377.284266	-0.103598	-0.001874
95.741521	794.606253	28810.000000	377.284293	-0.104885	-0.001874
96.912603	794.606193	33640.000000	377.284321	-0.103598	-0.000587
94.833351	794.606159	36400.000000	377.284337	-0.103598	-0.001874
97.299619	794.606157	34870.000000	377.284338	-0.104885	-0.001874
96.559754	794.606171	32790.000000	377.284331	-0.103598	-0.001874
95.386239	794.606152	33330.000000	377.284341	-0.103598	-0.000587
95.046389	794.606142	32960.000000	377.284345	-0.103598	-0.000587
95.886883	794.606141	33840.000000	377.284346	-0.103598	-0.001874
96.429249	794.606094	33400.000000	377.284368	-0.103598	-0.001874
95.566714	794.606047	32940.000000	377.284390	-0.104885	-0.001874
95.876593	794.605973	31770.000000	377.284425	-0.103598	-0.001874
95.639547	794.605926	32410.000000	377.284448	-0.103598	-0.001874
97.063723	794.605906	30310.000000	377.284458	-0.103598	-0.001874
96.390447	794.605879	29560.000000	377.284470	-0.103598	-0.001874
95.993398	794.605836	28920.000000	377.284491	-0.104885	-0.001874
95.489836	794.605773	27790.000000	377.284521	-0.104885	-0.000587
95.354968	794.605771	28410.000000	377.284521	-0.104885	-0.001874
99.184086	794.605740	26500.000000	377.284536	-0.104885	-0.000587
97.422763	794.605737	28430.000000	377.284537	-0.103598	-0.001874
97.330735	794.605731	26880.000000	377.284540	-0.104885	-0.001874
94.714755	794.605726	28980.000000	377.284543	-0.104885	-0.001874
95.297218	794.605719	26650.000000	377.284546	-0.103598	-0.001874
95.548137	794.605711	27740.000000	377.284550	-0.103598	-0.001874
95.301211	794.605709	29990.000000	377.284551	-0.104885	-0.000587
98.316815	794.605705	29860.000000	377.284553	-0.103598	-0.000587
98.103368	794.605693	30650.000000	377.284559	-0.103598	-0.001874
99.748630	794.605694	31300.000000	377.284558	-0.104885	-0.001874
98.292655	794.605690	32520.000000	377.284560	-0.104885	-0.000587
95.392486	794.605676	31350.000000	377.284566	-0.104885	-0.001874
94.793994	794.605669	32990.000000	377.284570	-0.104885	-0.001874
98.388091	794.605655	35480.000000	377.284576	-0.106173	-0.001874
96.058522	794.605646	39930.000000	377.284581	-0.103598	-0.001874
94.388894	794.605625	41240.000000	377.284590	-0.104885	-0.000587
97.322479	794.605613	43060.000000	377.284596	-0.104885	-0.001874
97.734261	794.605600	41940.000000	377.284603	-0.104885	-0.001874
96.097638	794.605590	39700.000000	377.284607	-0.103598	-0.000587
95.205138	794.605588	41760.000000	377.284608	-0.104885	-0.001874
95.429232	794.605584	40400.000000	377.284610	-0.103598	-0.001874
96.590929	794.605554	39620.000000	377.284624	-0.104885	-0.001874
98.191835	794.605549	40840.000000	377.284627	-0.104885	-0.001874
96.284970	794.605533	39610.000000	377.284635	-0.104885	-0.001874
96.124377	794.605509	38020.000000	377.284646	-0.104885	-0.001874
96.286984	794.605496	36100.000000	377.284652	-0.103598	-0.001874
97.010008	794.605454	35250.000000	377.284672	-0.103598	-0.001874
98.345964	794.605442	31360.000000	377.284677	-0.104885	-0.001874
97.639841	794.605435	30700.000000	377.284681	-0.103598	-0.000587
96.557275	794.605424	32200.000000	377.284686	-0.104885	-0.000587
95.666849	794.605425	30830.000000	377.284686	-0.104885	-0.001874
96.471272	794.605407	32310.000000	377.284694	-0.103598	-0.001874
97.058781	794.605413	34330.000000	377.284691	-0.103598	-0.001874
97.936871	794.605408	33140.000000	377.284694	-0.104885	-0.000587
95.066168	794.605407	34820.000000	377.284694	-0.104885	-0.000587
95.261376	794.605411	35330.000000	377.284692	-0.103598	-0.001874
96.841049	794.605396	33110.000000	377.284700	-0.104885	-0.001874
95.929274	794.605343	36590.000000	377.284724	-0.104885	-0.001874
96.057320	794.605333	36520.000000	377.284730	-0.103598	-0.001874
95.711109	794.605293	34790.000000	377.284748	-0.103598	-0.000587
96.495802	794.605287	35090.000000	377.284751	-0.104885	-0.000587
95.818081	794.605202	36950.000000	377.284792	-0.103598	-0.001874
96.623594	794.605152	38240.000000	377.284815	-0.103598	-0.000587
96.226020	794.605128	40680.000000	377.284826	-0.103598	-0.001874
95.989469	794.605080	42200.000000	377.284850	-0.104885	-0.001874
97.273657	794.605072	41510.000000	377.284853	-0.103598	-0.001874
96.631016	794.605052	41130.000000	377.284863	-0.103598	-0.001874
95.848901	794.605025	41700.000000	377.284876	-0.104885	-0.001874
95.833625	794.604982	41980.000000	377.284896	-0.103598	-0.001874
95.751788	794.604955	42130.000000	377.284909	-0.103598	-0.001874
96.753133	794.604875	40790.000000	377.284947	-0.103598	-0.001874
96.706157	794.604851	42560.000000	377.284958	-0.104885	-0.000587
95.458629	794.604843	42640.000000	377.284962	-0.103598	-0.001874
95.078059	794.604819	41690.000000	377.284973	-0.103598	-0.000587
97.480133	794.604805	42210.000000	377.284980	-0.104885	-0.001874
97.262470	794.604792	41230.000000	377.284986	-0.104885	-0.000587
94.998736	794.604786	42610.000000	377.284989	-0.103598	-0.000587
95.049207	794.604786	41930.000000	377.284989	-0.104885	-0.000587
94.250137	794.604768	42460.000000	377.284998	-0.103598	-0.000587
95.556818	794.604767	42170.000000	377.284998	-0.103598	-0.001874
97.854350	794.604757	41150.000000	377.285003	-0.103598	-0.000587
98.109986	794.604756	41740.000000	377.285003	-0.104885	-0.000587
96.749266	794.604742	42560.000000	377.285010	-0.103598	-0.001874
95.191752	794.604740	43040.000000	377.285011	-0.103598	-0.001874
94.038786	794.604728	47520.000000	377.285017	-0.103598	-0.000587
94.321292	794.604723	49720.000000	377.285019	-0.103598	-0.001874
97.124912	794.604713	48580.000000	377.285023	-0.103598	-0.001874
97.416257	794.604700	49220.000000	377.285030	-0.103598	-0.001874
98.613226	794.604710	49090.000000	377.285025	-0.103598	-0.001874
97.739058	794.604711	48760.000000	377.285025	-0.103598	-0.001874
97.439435	794.604717	49430.000000	377.285022	-0.103598	-0.001874
96.338935	794.604719	50450.000000	377.285021	-0.102310	-0.001874
94.518277	794.604726	49210.000000	377.285018	-0.102310	-0.001874
96.627082	794.604741	51870.000000	377.285011	-0.103598	-0.000587
96.854986	794.604744	50030.000000	377.285009	-0.103598	-0.000587
98.520637	794.604743	51880.000000	377.285009	-0.103598	-0.000587
97.549177	794.604751	51500.000000	377.285006	-0.102310	-0.001874
95.638259	794.604764	51660.000000	377.285000	-0.102310	-0.000587
95.302249	794.604770	51080.000000	377.284997	-0.103598	-0.001874
95.217916	794.604780	51300.000000	377.284992	-0.103598	-0.000587
98.606130	794.604786	52200.000000	377.284989	-0.103598	-0.001874
97.157433	794.604782	51690.000000	377.284991	-0.103598	-0.001874
96.441295	794.604814	51310.000000	377.284976	-0.102310	-0.001874
95.531729	794.604819	52530.000000	377.284974	-0.102310	-0.001874
97.338778	794.604840	52380.000000	377.284963	-0.102310	-0.001874
96.774581	794.604858	49800.000000	377.284955	-0.103598	-0.001874
96.019647	794.604868	49850.000000	377.284950	-0.103598	-0.001874
96.487728	794.604897	49650.000000	377.284936	-0.102310	-0.001874
95.869865	794.604907	47980.000000	377.284932	-0.102310	-0.001874
95.751029	794.604962	46570.000000	377.284906	-0.102310	-0.000587
96.115510	794.605027	44750.000000	377.284875	-0.102310	-0.001874
95.586170	794.605022	46300.000000	377.284877	-0.102310	-0.001874
96.201409	794.605060	45660.000000	377.284859	-0.102310	-0.000587
96.700981	794.605067	44760.000000	377.284856	-0.102310	-0.001874
96.849726	794.605095	43220.000000	377.284842	-0.102310	-0.001874
96.519224	794.605121	44380.000000	377.284830	-0.102310	-0.001874
96.743434	794.605169	44650.000000	377.284807	-0.102310	-0.000587
96.588932	794.605185	42600.000000	377.284800	-0.102310	-0.001874
96.109229	794.605221	42860.000000	377.284782	-0.102310	-0.000587
96.160883	794.605270	40850.000000	377.284759	-0.102310	-0.000587
96.291493	794.605330	38840.000000	377.284731	-0.101022	-0.001874
96.089478	794.605346	35140.000000	377.284723	-0.102310	-0.001874
97.017737	794.605363	32240.000000	377.284715	-0.101022	-0.001874
97.738806	794.605424	31670.000000	377.284686	-0.102310	-0.001874
97.117069	794.605433	33600.000000	377.284682	-0.101022	-0.001874
94.579426	794.605453	33890.000000	377.284672	-0.101022	-0.001874
95.455040	794.605460	33660.000000	377.284669	-0.102310	-0.000587
97.534532	794.605465	33130.000000	377.284667	-0.102310	-0.001874
97.244326	794.605464	31060.000000	377.284667	-0.102310	-0.001874
99.764207	794.605468	33240.000000	377.284665	-0.101022	-0.001874
99.704514	794.605468	33260.000000	377.284665	-0.101022	-0.001874
99.461808	794.605477	32160.000000	377.284661	-0.101022	-0.000587
99.522357	794.605471	32970.000000	377.284664	-0.101022	-0.001874
99.188010	794.605467	32180.000000	377.284666	-0.101022	-0.001874
98.442875	794.605466	31600.000000	377.284666	-0.101022	-0.000587
97.405217	794.605478	29990.000000	377.284661	-0.101022	-0.000587
97.009488	794.605503	29890.000000	377.284649	-0.101022	-0.001874
95.522400	794.605553	31530.000000	377.284625	-0.101022	-0.001874
96.580375	794.605571	37130.000000	377.284616	-0.102310	-0.000587
96.337796	794.605567	41110.000000	377.284618	-0.102310	-0.000587
95.743618	794.605586	42380.000000	377.284609	-0.101022	-0.001874
97.161643	794.605599	44360.000000	377.284603	-0.102310	-0.001874
96.281832	794.605604	44530.000000	377.284601	-0.102310	-0.001874
95.815438	794.605612	45250.000000	377.284597	-0.102310	-0.001874
94.207310	794.605620	45200.000000	377.284593	-0.102310	-0.001874
97.346076	794.605632	45150.000000	377.284587	-0.101022	-0.000587
96.410251	794.605649	45450.000000	377.284579	-0.101022	-0.001874
96.565666	794.605659	46110.000000	377.284575	-0.101022	-0.001874
94.786097	794.605663	46090.000000	377.284573	-0.101022	-0.001874
96.777594	794.605673	45700.000000	377.284568	-0.101022	-0.001874
97.268168	794.605694	46390.000000	377.284558	-0.101022	-0.000587
97.008035	794.605685	46010.000000	377.284562	-0.101022	-0.001874
95.945020	794.605715	45590.000000	377.284548	-0.101022	-0.001874
96.190786	794.605719	43950.000000	377.284546	-0.101022	-0.000587
96.047007	794.605735	43590.000000	377.284539	-0.101022	-0.001874
97.249304	794.605725	42630.000000	377.284543	-0.101022	-0.000587
97.437699	794.605739	44600.000000	377.284537	-0.101022	-0.001874
96.090484	794.605742	43420.000000	377.284535	-0.099735	-0.000587
95.704560	794.605765	42860.000000	377.284524	-0.101022	-0.000587
97.036503	794.605805	39680.000000	377.284505	-0.099735	-0.001874
96.772109	794.605836	35030.000000	377.284490	-0.101022	-0.001874
96.704034	794.605877	31480.000000	377.284471	-0.101022	-0.000587
96.792031	794.605904	28910.000000	377.284458	-0.101022	-0.001874
95.747028	794.605920	27490.000000	377.284451	-0.099735	-0.001874
96.232823	794.605947	27600.000000	377.284438	-0.099735	-0.000587
96.715765	794.605981	30590.000000	377.284422	-0.101022	-0.001874
96.854660	794.606020	32630.000000	377.284403	-0.099735	-0.001874
97.655174	794.606098	35360.000000	377.284366	-0.099735	-0.001874
97.377574	794.606153	36380.000000	377.284340	-0.101022	-0.001874
96.507704	794.606157	38530.000000	377.284338	-0.101022	-0.000587
94.375314	794.606167	38430.000000	377.284333	-0.099735	-0.001874
94.879217	794.606172	37380.000000	377.284331	-0.101022	-0.001874
94.154395	794.606177	37480.000000	377.284329	-0.099735	-0.000587
97.149571	794.606188	37150.000000	377.284323	-0.101022	-0.001874
97.569139	794.606197	35970.000000	377.284319	-0.099735	-0.000587
97.400049	794.606194	37180.000000	377.284321	-0.099735	-0.000587
96.067937	794.606206	35310.000000	377.284315	-0.099735	-0.001874
96.307246	794.606275	34900.000000	377.284282	-0.098447	-0.000587
96.573758	794.606273	31960.000000	377.284283	-0.098447	-0.001874
97.440877	794.606348	28650.000000	377.284248	-0.099735	-0.001874
96.140270	794.606375	26890.000000	377.284235	-0.098447	-0.000587
93.792065	794.606384	23980.000000	377.284230	-0.098447	-0.001874
95.300871	794.606382	23590.000000	377.284231	-0.098447	-0.000587
94.021463	794.606384	25070.000000	377.284231	-0.097159	-0.001874
94.138238	794.606382	23650.000000	377.284231	-0.098447	-0.001874
94.182290	794.606374	24020.000000	377.284235	-0.098447	-0.001874
94.235095	794.606376	23600.000000	377.284234	-0.097159	-0.001874
96.134032	794.606396	23500.000000	377.284225	-0.097159	-0.001874
96.822777	794.606410	22550.000000	377.284218	-0.097159	-0.001874
96.857418	794.606427	20410.000000	377.284210	-0.097159	-0.001874
96.872493	794.606483	22170.000000	377.284183	-0.097159	-0.001874
96.774270	794.606492	25990.000000	377.284179	-0.097159	-0.001874
95.059251	794.606500	29120.000000	377.284175	-0.097159	-0.000587
94.690528	794.606512	31010.000000	377.284170	-0.097159	-0.001874
95.906374	794.606515	32870.000000	377.284168	-0.097159	-0.001874
99.124676	794.606525	33750.000000	377.284164	-0.097159	-0.001874
98.962079	794.606533	34460.000000	377.284160	-0.097159	-0.001874
98.964691	794.606529	34900.000000	377.284162	-0.097159	-0.001874
95.539060	794.606541	35850.000000	377.284156	-0.097159	-0.000587
93.535473	794.606546	35340.000000	377.284153	-0.097159	-0.001874
93.900742	794.606550	37140.000000	377.284151	-0.097159	-0.001874
95.916271	794.606559	37320.000000	377.284147	-0.097159	-0.001874
97.761380	794.606564	39220.000000	377.284145	-0.097159	-0.001874
98.150241	794.606585	39580.000000	377.284135	-0.097159	-0.001874
96.923817	794.606604	41210.000000	377.284126	-0.097159	-0.001874
98.494036	794.606620	43040.000000	377.284119	-0.097159	-0.001874
95.265994	794.606638	42950.000000	377.284110	-0.095872	-0.001874
97.152897	794.606645	43280.000000	377.284106	-0.097159	-0.000587
98.953093	794.606655	45980.000000	377.284101	-0.097159	-0.001874
95.110788	794.606668	43510.000000	377.284096	-0.097159	-0.001874
95.021048	794.606676	42350.000000	377.284091	-0.097159	-0.000587
94.629138	794.606686	44000.000000	377.284087	-0.095872	-0.000587
98.379153	794.606707	43630.000000	377.284077	-0.097159	-0.001874
97.754530	794.606696	44240.000000	377.284082	-0.097159	-0.001874
97.341587	794.606742	44640.000000	377.284060	-0.095872	-0.000587
96.194858	794.606797	44260.000000	377.284034	-0.095872	-0.001874
95.561097	794.606800	45930.000000	377.284033	-0.095872	-0.001874
96.636759	794.606847	45300.000000	377.284011	-0.095872	-0.001874
98.980779	794.606855	46670.000000	377.284007	-0.097159	-0.000587
97.662504	794.606872	46200.000000	377.283998	-0.097159	-0.000587
95.599639	794.606871	46250.000000	377.283999	-0.095872	-0.001874
94.790744	794.606878	46390.000000	377.283996	-0.095872	-0.001874
94.385690	794.606884	44780.000000	377.283993	-0.095872	-0.000587
97.175579	794.606893	46970.000000	377.283989	-0.095872	-0.001874
94.868839	794.607021	44580.000000	377.283928	-0.095872	-0.001874
95.221354	794.607096	46500.000000	377.283892	-0.095872	-0.001874
98.142096	794.607105	48200.000000	377.283888	-0.097159	-0.001874
97.802527	794.607119	45490.000000	377.283881	-0.095872	-0.001874
97.739126	794.607115	45810.000000	377.283883	-0.097159	-0.001874
95.068276	794.607128	45650.000000	377.283877	-0.095872	-0.001874
95.929488	794.607145	44480.000000	377.283869	-0.095872	-0.001874
96.858962	794.607172	45510.000000	377.283856	-0.095872	-0.001874
96.768268	794.607207	45090.000000	377.283839	-0.095872	-0.000587
98.703143	794.607234	48020.000000	377.283827	-0.095872	-0.001874
97.382869	794.607239	51730.000000	377.283824	-0.095872	-0.001874
95.362979	794.607250	50940.000000	377.283819	-0.095872	-0.000587
96.494097	794.607265	51330.000000	377.283812	-0.095872	-0.000587
96.156168	794.607250	51500.000000	377.283819	-0.095872	-0.000587
98.120822	794.607270	52930.000000	377.283810	-0.095872	-0.001874
97.216578	794.607284	52990.000000	377.283803	-0.094584	-0.001874
97.024802	794.607279	50870.000000	377.283805	-0.095872	-0.001874
95.093617	794.607300	51600.000000	377.283795	-0.095872	-0.001874
95.429353	794.607306	52860.000000	377.283793	-0.095872	-0.001874
96.653135	794.607345	53890.000000	377.283774	-0.097159	-0.001874
97.399704	794.607364	51670.000000	377.283765	-0.095872	-0.001874
97.360430	794.607385	52450.000000	377.283755	-0.094584	-0.001874
94.152713	794.607453	52850.000000	377.283723	-0.095872	-0.001874
95.657452	794.607455	52610.000000	377.283722	-0.095872	-0.001874
94.856119	794.607463	51630.000000	377.283718	-0.094584	-0.001874
98.261929	794.607475	52950.000000	377.283712	-0.095872	-0.001874
97.704314	794.607486	51340.000000	377.283707	-0.095872	-0.000587
97.026656	794.607497	54000.000000	377.283702	-0.094584	-0.001874
95.364095	794.607492	53180.000000	377.283704	-0.094584	-0.000587
97.264610	794.607511	50410.000000	377.283695	-0.095872	-0.001874
97.835298	794.607521	51410.000000	377.283690	-0.094584	-0.001874
97.038282	794.607512	51750.000000	377.283695	-0.095872	-0.001874
98.004012	794.607514	50270.000000	377.283694	-0.095872	-0.001874
96.108601	794.607511	50810.000000	377.283695	-0.094584	-0.000587
94.656426	794.607497	50550.000000	377.283702	-0.095872	-0.000587
95.183407	794.607491	49340.000000	377.283705	-0.095872	-0.001874
97.422635	794.607495	48400.000000	377.283703	-0.095872	-0.001874
97.326002	794.607461	48510.000000	377.283719	-0.095872	-0.001874
97.103682	794.607417	48260.000000	377.283740	-0.094584	-0.001874
95.497601	794.607400	47860.000000	377.283748	-0.095872	-0.000587
95.997334	794.607379	49130.000000	377.283758	-0.095872	-0.001874
97.176492	794.607369	47550.000000	377.283763	-0.095872	-0.000587
99.057977	794.607361	48240.000000	377.283766	-0.095872	-0.001874
95.309013	794.607347	48450.000000	377.283773	-0.095872	-0.001874
94.392171	794.607337	48390.000000	377.283778	-0.094584	-0.000587
95.967405	794.607327	46200.000000	377.283783	-0.095872	-0.001874
97.616860	794.607323	47630.000000	377.283784	-0.095872	-0.001874
98.091135	794.607317	48320.000000	377.283787	-0.094584	-0.001874
95.813610	794.607305	48560.000000	377.283793	-0.095872	-0.001874
95.610197	794.607292	48230.000000	377.283799	-0.094584	-0.001874
96.419543	794.607285	46600.000000	377.283803	-0.094584	-0.001874
96.863655	794.607251	48600.000000	377.283819	-0.095872	-0.000587
96.415132	794.607230	47390.000000	377.283829	-0.095872	-0.000587
96.438750	794.607226	46570.000000	377.283831	-0.095872	-0.001874
97.024171	794.607171	46370.000000	377.283857	-0.094584	-0.001874
97.035392	794.607159	46930.000000	377.283862	-0.095872	-0.000587
96.000837	794.607146	46350.000000	377.283869	-0.095872	-0.001874
96.882386	794.607130	47370.000000	377.283876	-0.094584	-0.001874
96.507795	794.607113	48240.000000	377.283884	-0.094584	-0.000587
96.576028	794.607103	49050.000000	377.283889	-0.094584	-0.001874
97.019408	794.607077	49770.000000	377.283901	-0.094584	-0.001874
97.376723	794.607010	52220.000000	377.283933	-0.094584	-0.001874
96.275387	794.606987	51070.000000	377.283944	-0.094584	-0.001874
96.612290	794.606943	49250.000000	377.283965	-0.094584	-0.001874
96.756100	794.606910	49080.000000	377.283981	-0.094584	-0.001874
98.723507	794.606836	49610.000000	377.284016	-0.095872	-0.001874
96.919960	794.606842	49510.000000	377.284013	-0.095872	-0.000587
97.024378	794.606815	49730.000000	377.284026	-0.094584	-0.001874
94.639713	794.606812	48260.000000	377.284027	-0.094584	-0.001874
94.301389	794.606804	49180.000000	377.284031	-0.094584	-0.001874
95.472026	794.606798	48860.000000	377.284034	-0.094584	-0.000587
98.882261	794.606789	49450.000000	377.284038	-0.094584	-0.001874
98.862839	794.606790	47810.000000	377.284038	-0.094584	-0.001874
99.013757	794.606783	48820.000000	377.284041	-0.095872	-0.000587
97.240617	794.606779	48400.000000	377.284043	-0.094584	-0.000587
96.340628	794.606770	48800.000000	377.284047	-0.095872	-0.000587
94.921350	794.606760	48790.000000	377.284052	-0.095872	-0.001874
95.487788	794.606729	46400.000000	377.284067	-0.094584	-0.001874
99.072672	794.606630	46200.000000	377.284113	-0.094584	-0.000587
98.139414	794.606622	41790.000000	377.284118	-0.095872	-0.001874
94.409852	794.606635	41330.000000	377.284111	-0.094584	-0.001874
94.078371	794.606636	41440.000000	377.284111	-0.094584	-0.001874
97.265023	794.606627	42340.000000	377.284115	-0.094584	-0.000587
97.236230	794.606625	40920.000000	377.284116	-0.094584	-0.001874
97.368647	794.606621	39730.000000	377.284118	-0.095872	-0.000587
97.237499	794.606611	39930.000000	377.284123	-0.094584	-0.001874
96.481656	794.606593	38540.000000	377.284131	-0.094584	-0.001874
95.356766	794.606525	37190.000000	377.284163	-0.094584	-0.001874
96.043665	794.606528	30190.000000	377.284162	-0.095872	-0.001874
96.941247	794.606503	29830.000000	377.284174	-0.095872	-0.001874
95.837111	794.606512	27500.000000	377.284170	-0.094584	-0.000587
97.359151	794.606501	27340.000000	377.284175	-0.094584	-0.001874
98.603186	794.606487	26620.000000	377.284182	-0.095872	-0.000587
98.918865	794.606483	27390.000000	377.284183	-0.094584	-0.000587
96.768577	794.606480	25230.000000	377.284185	-0.095872	-0.001874
94.087976	794.606475	25610.000000	377.284187	-0.094584	-0.001874
93.249858	794.606467	27270.000000	377.284191	-0.095872	-0.001874
98.269526	794.606451	24840.000000	377.284198	-0.094584	-0.001874
95.828614	794.606458	25780.000000	377.284195	-0.095872	-0.001874
99.667106	794.606450	25060.000000	377.284199	-0.094584	-0.001874
99.264291	794.606446	26200.000000	377.284201	-0.095872	-0.001874
99.412043	794.606442	24600.000000	377.284203	-0.095872	-0.001874
94.324303	794.606438	25540.000000	377.284205	-0.094584	-0.001874
93.455861	794.606427	25250.000000	377.284210	-0.095872	-0.000587
95.326884	794.606420	24610.000000	377.284213	-0.095872	-0.000587
96.545035	794.606416	24950.000000	377.284215	-0.095872	-0.000587
99.399030	794.606402	25560.000000	377.284222	-0.094584	-0.000587
98.795910	794.606396	26930.000000	377.284225	-0.095872	-0.000587
93.958894	794.606381	26870.000000	377.284232	-0.095872	-0.001874
98.270459	794.606361	28080.000000	377.284241	-0.094584	-0.001874
95.400083	794.606330	32200.000000	377.284256	-0.095872	-0.000587
94.847897	794.606315	34810.000000	377.284263	-0.094584	-0.001874
98.800059	794.606222	35650.000000	377.284307	-0.095872	-0.000587
94.043361	794.606151	40600.000000	377.284341	-0.095872	-0.001874
94.700911	794.606134	42780.000000	377.284349	-0.095872	-0.001874
95.824151	794.606117	42240.000000	377.284357	-0.095872	-0.001874
98.591679	794.606111	42940.000000	377.284360	-0.094584	-0.001874
98.641156	794.606101	41600.000000	377.284365	-0.094584	-0.000587
98.424813	794.606097	43920.000000	377.284366	-0.095872	-0.001874
95.782073	794.606062	42630.000000	377.284383	-0.095872	-0.001874
94.284336	794.605986	40300.000000	377.284419	-0.094584	-0.001874
95.015844	794.605920	35730.000000	377.284451	-0.094584	-0.001874
94.366227	794.605886	34480.000000	377.284467	-0.094584	-0.001874
95.003930	794.605862	32710.000000	377.284478	-0.094584	-0.000587
97.507864	794.605857	32820.000000	377.284481	-0.094584	-0.001874
97.436807	794.605847	34220.000000	377.284485	-0.094584	-0.001874
97.644871	794.605850	36490.000000	377.284484	-0.095872	-0.000587
95.874144	794.605825	37670.000000	377.284496	-0.095872	-0.001874
94.911730	794.605819	39300.000000	377.284499	-0.094584	-0.000587
97.046182	794.605784	41480.000000	377.284515	-0.094584	-0.000587
96.821777	794.605772	43490.000000	377.284521	-0.094584	-0.001874
95.596295	794.605753	45090.000000	377.284530	-0.094584	-0.001874
97.442370	794.605743	43680.000000	377.284535	-0.094584	-0.001874
97.657099	794.605736	44890.000000	377.284538	-0.094584	-0.000587
95.634524	794.605719	45280.000000	377.284546	-0.094584	-0.001874
94.520801	794.605712	43990.000000	377.284549	-0.095872	-0.000587
94.447129	794.605717	44110.000000	377.284547	-0.094584	-0.001874
96.828336	794.605703	42360.000000	377.284554	-0.094584	-0.001874
97.020050	794.605701	42190.000000	377.284555	-0.095872	-0.001874
98.445024	794.605692	42770.000000	377.284559	-0.095872	-0.001874
96.942554	794.605678	42680.000000	377.284566	-0.094584	-0.000587
95.076559	794.605653	42140.000000	377.284578	-0.094584	-0.001874
95.087919	794.605640	42310.000000	377.284584	-0.095872	-0.001874
95.999378	794.605613	41590.000000	377.284596	-0.095872	-0.001874
95.921132	794.605582	38320.000000	377.284611	-0.095872	-0.000587
96.344314	794.605546	33640.000000	377.284628	-0.095872	-0.001874
97.440903	794.605534	33750.000000	377.284634	-0.095872	-0.000587
98.100901	794.605515	31170.000000	377.284643	-0.095872	-0.001874
96.397089	794.605514	29370.000000	377.284643	-0.095872	-0.001874
93.902604	794.605505	32620.000000	377.284648	-0.095872	-0.000587
93.753061	794.605500	30530.000000	377.284650	-0.095872	-0.000587
95.831426	794.605494	32480.000000	377.284653	-0.094584	-0.001874
96.214015	794.605486	32340.000000	377.284656	-0.095872	-0.000587
99.398508	794.605477	34330.000000	377.284661	-0.094584	-0.000587
98.089638	794.605476	33250.000000	377.284662	-0.095872	-0.001874
98.747979	794.605470	35280.000000	377.284664	-0.095872	-0.000587
95.402334	794.605467	36790.000000	377.284666	-0.094584	-0.000587
93.435565	794.605463	35700.000000	377.284668	-0.094584	-0.001874
97.301861	794.605442	35980.000000	377.284677	-0.095872	-0.000587
97.491338	794.605438	40060.000000	377.284679	-0.094584	-0.001874
98.649660	794.605426	42050.000000	377.284685	-0.095872	-0.001874
94.708275	794.605415	42010.000000	377.284690	-0.094584	-0.001874
94.327464	794.605417	43440.000000	377.284690	-0.095872	-0.000587
96.660892	794.605399	43120.000000	377.284698	-0.095872	-0.001874
97.066857	794.605386	45180.000000	377.284704	-0.095872	-0.000587
95.582381	794.605367	45890.000000	377.284713	-0.095872	-0.000587
96.247701	794.605341	46640.000000	377.284726	-0.095872	-0.001874
96.921113	794.605291	46410.000000	377.284749	-0.095872	-0.001874
95.575989	794.605194	49180.000000	377.284795	-0.095872	-0.001874
95.733917	794.605177	50830.000000	377.284803	-0.095872	-0.001874
96.629456	794.605157	51550.000000	377.284813	-0.097159	-0.000587
97.684264	794.605129	50590.000000	377.284826	-0.095872	-0.000587
97.011508	794.605132	49860.000000	377.284825	-0.097159	-0.001874
96.243968	794.605108	51110.000000	377.284836	-0.097159	-0.000587
96.209942	794.605044	51560.000000	377.284866	-0.095872	-0.001874
96.129721	794.605001	52120.000000	377.284887	-0.097159	-0.000587
97.237291	794.604951	51810.000000	377.284911	-0.097159	-0.001874
95.981413	794.604910	51500.000000	377.284930	-0.097159	-0.001874
95.939177	794.604900	52120.000000	377.284935	-0.097159	-0.001874
96.381711	794.604881	51330.000000	377.284944	-0.095872	-0.001874
96.017610	794.604852	52790.000000	377.284958	-0.095872	-0.001874
96.240852	794.604826	51760.000000	377.284970	-0.095872	-0.001874
95.225026	794.604815	50910.000000	377.284975	-0.097159	-0.000587
94.360191	794.604813	52210.000000	377.284976	-0.097159	-0.001874
94.119618	794.604812	51910.000000	377.284977	-0.097159	-0.001874
93.662548	794.604802	51490.000000	377.284981	-0.098447	-0.001874
94.340523	794.604807	50120.000000	377.284979	-0.097159	-0.001874
97.428006	794.604791	50650.000000	377.284987	-0.097159	-0.000587
98.175423	794.604791	48460.000000	377.284987	-0.098447	-0.000587
97.567038	794.604778	50040.000000	377.284993	-0.097159	-0.001874
94.835467	794.604771	49370.000000	377.284996	-0.097159	-0.001874
93.527541	794.604766	49480.000000	377.284998	-0.098447	-0.001874
94.835838	794.604764	47820.000000	377.284999	-0.098447	-0.000587
96.619759	794.604752	49130.000000	377.285005	-0.098447	-0.001874
97.427854	794.604737	47650.000000	377.285012	-0.098447	-0.000587
96.601141	794.604723	48790.000000	377.285019	-0.098447	-0.001874
95.320589	794.604725	48530.000000	377.285018	-0.098447	-0.001874
95.655162	794.604721	49400.000000	377.285020	-0.098447	-0.001874
95.933056	794.604730	49200.000000	377.285016	-0.098447	-0.001874
97.374529	794.604738	49280.000000	377.285012	-0.099735	-0.001874
97.677495	794.604745	47540.000000	377.285008	-0.099735	-0.000587
97.010690	794.604753	49560.000000	377.285005	-0.099735	-0.000587
97.052171	794.604752	48730.000000	377.285005	-0.099735	-0.001874
93.585716	794.604768	46830.000000	377.284997	-0.099735	-0.000587
93.408320	794.604765	47260.000000	377.284999	-0.099735	-0.000587
94.734663	794.604775	47410.000000	377.284994	-0.099735	-0.001874
95.299103	794.604776	47000.000000	377.284994	-0.099735	-0.001874
98.734784	794.604786	47990.000000	377.284989	-0.099735	-0.001874
98.596658	794.604781	47030.000000	377.284991	-0.099735	-0.001874
95.478262	794.604780	48820.000000	377.284992	-0.099735	-0.001874
98.206182	794.604789	50130.000000	377.284988	-0.099735	-0.001874
97.033230	794.604822	50880.000000	377.284972	-0.099735	-0.000587
96.120840	794.604832	51820.000000	377.284967	-0.099735	-0.001874
96.883662	794.604847	52200.000000	377.284960	-0.101022	-0.001874
96.479871	794.604862	50370.000000	377.284953	-0.099735	-0.001874
97.080723	794.604882	51680.000000	377.284944	-0.099735	-0.001874
96.655692	794.604889	51140.000000	377.284940	-0.099735	-0.000587
95.924601	794.604889	50810.000000	377.284940	-0.101022	-0.001874
96.094141	794.604894	51130.000000	377.284938	-0.101022	-0.001874
95.935258	794.604939	52640.000000	377.284916	-0.101022	-0.000587
95.181762	794.604933	50310.000000	377.284919	-0.099735	-0.001874
96.337104	794.605000	51550.000000	377.284887	-0.101022	-0.001874
96.611817	794.605033	51110.000000	377.284872	-0.101022	-0.001874
96.481960	794.605037	51070.000000	377.284870	-0.101022	-0.001874
95.905926	794.605096	51790.000000	377.284842	-0.102310	-0.001874
95.721599	794.605118	49940.000000	377.284831	-0.101022	-0.001874
97.060802	794.605129	50620.000000	377.284826	-0.101022	-0.001874
97.014344	794.605163	50910.000000	377.284810	-0.101022	-0.001874
97.462917	794.605172	50010.000000	377.284806	-0.101022	-0.001874
96.272226	794.605191	49280.000000	377.284797	-0.101022	-0.001874
95.942503	794.605277	49580.000000	377.284756	-0.101022	-0.001874
98.034143	794.605339	46240.000000	377.284726	-0.101022	-0.000587
96.006563	794.605378	44050.000000	377.284708	-0.101022	-0.001874
96.719128	794.605418	41590.000000	377.284689	-0.102310	-0.001874
97.139598	794.605425	40040.000000	377.284686	-0.102310	-0.001874
96.743294	794.605449	39000.000000	377.284674	-0.102310	-0.000587
95.907894	794.605451	38140.000000	377.284673	-0.101022	-0.000587
94.633656	794.605458	37000.000000	377.284670	-0.102310	-0.000587
95.199658	794.605467	35560.000000	377.284666	-0.101022	-0.001874
97.250061	794.605474	34280.000000	377.284662	-0.102310	-0.001874
98.007240	794.605479	34410.000000	377.284660	-0.102310	-0.000587
95.570071	794.605498	34860.000000	377.284651	-0.101022	-0.001874
95.467251	794.605494	33230.000000	377.284653	-0.102310	-0.001874
94.479947	794.605511	34260.000000	377.284645	-0.102310	-0.000587
97.538743	794.605515	34210.000000	377.284643	-0.098447	-0.001874
95.485912	794.605516	33350.000000	377.284643	-0.102310	-0.001874
97.019205	794.605532	32690.000000	377.284635	-0.102310	-0.001874
95.291197	794.605544	34270.000000	377.284629	-0.102310	-0.001874
95.237200	794.605554	34690.000000	377.284624	-0.102310	-0.001874
96.656809	794.605561	34710.000000	377.284621	-0.102310	-0.000587
98.230364	794.605566	36400.000000	377.284619	-0.102310	-0.001874
96.301115	794.605616	36000.000000	377.284595	-0.102310	-0.001874
96.629671	794.605632	37370.000000	377.284587	-0.102310	-0.001874
96.985833	794.605662	36700.000000	377.284573	-0.102310	-0.001874
97.334291	794.605687	37430.000000	377.284561	-0.103598	-0.000587
96.184216	794.605703	35510.000000	377.284554	-0.102310	-0.001874
93.373569	794.605713	34340.000000	377.284549	-0.102310	-0.000587
94.752214	794.605712	33160.000000	377.284549	-0.102310	-0.001874
94.156360	794.605713	33500.000000	377.284549	-0.103598	-0.001874
94.296949	794.605706	35840.000000	377.284552	-0.103598	-0.001874
95.615651	794.605704	40750.000000	377.284553	-0.102310	-0.000587
96.568485	794.605699	42300.000000	377.284555	-0.102310	-0.000587
95.382215	794.605705	41630.000000	377.284553	-0.103598	-0.000587
95.417214	794.605705	40840.000000	377.284553	-0.103598	-0.000587
95.571488	794.605759	35720.000000	377.284527	-0.103598	-0.001874
96.363535	794.605796	37180.000000	377.284509	-0.103598	-0.001874
97.625001	794.605806	35410.000000	377.284505	-0.104885	-0.000587
96.410354	794.605822	37080.000000	377.284497	-0.104885	-0.001874
97.471159	794.605825	36940.000000	377.284496	-0.104885	-0.001874
94.084281	794.605835	36400.000000	377.284491	-0.103598	-0.001874
95.026517	794.605836	36770.000000	377.284491	-0.104885	-0.001874
96.138390	794.605848	35710.000000	377.284485	-0.103598	-0.001874
98.651689	794.605863	36360.000000	377.284478	-0.103598	-0.001874
98.244348	794.605861	34610.000000	377.284479	-0.103598	-0.001874
96.433215	794.605867	35720.000000	377.284476	-0.103598	-0.001874
94.979743	794.605913	32960.000000	377.284454	-0.103598	-0.001874
94.814022	794.605918	33090.000000	377.284452	-0.103598	-0.001874
95.419429	794.605976	35300.000000	377.284424	-0.103598	-0.000587
96.920650	794.606045	36840.000000	377.284391	-0.104885	-0.001874
95.600536	794.606119	37130.000000	377.284356	-0.103598	-0.001874
95.462578	794.606145	38520.000000	377.284344	-0.103598	-0.001874
98.763182	794.606150	37590.000000	377.284341	-0.103598	-0.000587
96.336530	794.606163	35840.000000	377.284335	-0.104885	-0.001874
94.286011	794.606178	36160.000000	377.284328	-0.103598	-0.001874
95.833353	794.606190	33080.000000	377.284323	-0.104885	-0.001874
98.335795	794.606198	32080.000000	377.284319	-0.104885	-0.000587
96.233778	794.606246	30390.000000	377.284296	-0.104885	-0.001874
96.236649	794.606282	28910.000000	377.284279	-0.103598	-0.001874
94.376374	794.606357	28140.000000	377.284243	-0.103598	-0.000587
96.494391	794.606396	27090.000000	377.284225	-0.103598	-0.001874
98.524599	794.606401	25030.000000	377.284222	-0.104885	-0.001874
97.971959	794.606410	26130.000000	377.284218	-0.103598	-0.001874
96.779595	794.606421	25900.000000	377.284213	-0.103598	-0.001874
95.778307	794.606421	26230.000000	377.284213	-0.103598	-0.001874
95.807706	794.606421	26830.000000	377.284213	-0.103598	-0.000587
94.359002	794.606431	25920.000000	377.284208	-0.103598	-0.001874
95.338099	794.606430	26970.000000	377.284209	-0.104885	-0.000587
96.388394	794.606434	28640.000000	377.284207	-0.104885	-0.001874
98.925344	794.606446	27660.000000	377.284201	-0.103598	-0.001874
98.401496	794.606445	27910.000000	377.284201	-0.103598	-0.000587
98.331991	794.606452	28110.000000	377.284198	-0.103598	-0.001874
96.741478	794.606454	29740.000000	377.284197	-0.103598	-0.001874
96.414038	794.606460	29410.000000	377.284194	-0.104885	-0.000587
95.009109	794.606468	30540.000000	377.284190	-0.103598	-0.001874
95.291146	794.606477	29410.000000	377.284186	-0.103598	-0.000587
97.320051	794.606501	31380.000000	377.284175	-0.103598	-0.001874
95.912159	794.606526	31880.000000	377.284163	-0.103598	-0.000587
96.066085	794.606558	33860.000000	377.284148	-0.104885	-0.001874
96.570108	794.606571	33930.000000	377.284142	-0.104885	-0.001874
96.333785	794.606581	34610.000000	377.284137	-0.104885	-0.001874
95.992679	794.606588	36660.000000	377.284133	-0.104885	-0.000587
95.457923	794.606599	38570.000000	377.284128	-0.103598	-0.000587
93.940596	794.606601	39270.000000	377.284127	-0.103598	-0.001874
94.615996	794.606604	39720.000000	377.284126	-0.103598	-0.001874
96.084356	794.606602	40170.000000	377.284127	-0.104885	-0.001874
98.495299	794.606613	40910.000000	377.284122	-0.103598	-0.001874
99.263443	794.606615	42360.000000	377.284121	-0.104885	-0.001874
96.883190	794.606638	42610.000000	377.284110	-0.104885	-0.001874
96.144741	794.606657	42540.000000	377.284101	-0.104885	-0.000587
96.151690	794.606739	44160.000000	377.284062	-0.104885	-0.001874
96.546121	794.606775	46820.000000	377.284045	-0.102310	-0.000587
97.874953	794.606780	46630.000000	377.284042	-0.103598	-0.001874
98.872492	794.606791	47890.000000	377.284037	-0.104885	-0.001874
95.227937	794.606800	48310.000000	377.284033	-0.103598	-0.001874
95.267539	794.606800	48330.000000	377.284033	-0.104885	-0.001874
94.209438	794.606809	48940.000000	377.284029	-0.104885	-0.000587
97.789006	794.606818	48580.000000	377.284024	-0.103598	-0.001874
98.405850	794.606818	49060.000000	377.284024	-0.104885	-0.001874
98.896391	794.606833	49680.000000	377.284017	-0.103598	-0.001874
94.756762	794.606844	48940.000000	377.284012	-0.103598	-0.001874
98.260348	794.606853	47830.000000	377.284008	-0.103598	-0.000587
94.823480	794.606875	47510.000000	377.283997	-0.103598	-0.001874
95.506863	794.606881	46980.000000	377.283994	-0.103598	-0.001874
94.029745	794.606897	46210.000000	377.283987	-0.103598	-0.001874
97.437815	794.607004	45270.000000	377.283936	-0.104885	-0.001874
96.828287	794.607051	44760.000000	377.283913	-0.103598	-0.001874
95.218225	794.607105	43100.000000	377.283888	-0.103598	-0.001874
93.727659	794.607127	43890.000000	377.283877	-0.103598	-0.000587
94.993154	794.607137	44920.000000	377.283873	-0.103598	-0.000587
95.837833	794.607147	45080.000000	377.283868	-0.103598	-0.001874
98.950817	794.607152	43600.000000	377.283866	-0.103598	-0.001874
99.477569	794.607155	44600.000000	377.283864	-0.104885	-0.000587
95.270082	794.607166	44530.000000	377.283859	-0.104885	-0.001874
95.114211	794.607178	43280.000000	377.283853	-0.103598	-0.000587
94.295343	794.607206	44100.000000	377.283840	-0.103598	-0.000587
96.948753	794.607243	44470.000000	377.283822	-0.104885	-0.001874
97.752971	794.607264	44430.000000	377.283812	-0.104885	-0.000587
97.486891	794.607315	43600.000000	377.283788	-0.104885	-0.000587
96.369157	794.607332	43710.000000	377.283780	-0.104885	-0.000587
95.220648	794.607331	43520.000000	377.283781	-0.103598	-0.000587
95.294521	794.607333	45000.000000	377.283780	-0.103598	-0.001874
95.669510	794.607348	43780.000000	377.283773	-0.103598	-0.001874
96.930906	794.607351	43940.000000	377.283771	-0.103598	-0.001874
96.575351	794.607357	42970.000000	377.283768	-0.103598	-0.001874
97.257401	794.607375	44150.000000	377.283760	-0.103598	-0.000587
95.042654	794.607392	43000.000000	377.283752	-0.103598	-0.001874
96.286098	794.607413	43380.000000	377.283742	-0.104885	-0.000587
95.466423	794.607412	42970.000000	377.283742	-0.103598	-0.001874
97.024771	794.607466	42960.000000	377.283717	-0.103598	-0.001874
97.944275	794.607480	45190.000000	377.283710	-0.103598	-0.001874
97.381491	794.607493	47790.000000	377.283704	-0.103598	-0.001874
96.907946	794.607489	48800.000000	377.283706	-0.103598	-0.001874
96.201906	794.607499	49700.000000	377.283701	-0.103598	-0.001874
96.076759	794.607511	50090.000000	377.283695	-0.103598	-0.001874
95.202731	794.607500	49350.000000	377.283700	-0.103598	-0.001874
96.090680	794.607491	50670.000000	377.283705	-0.104885	-0.001874
98.472466	794.607487	52700.000000	377.283707	-0.103598	-0.001874
97.464944	794.607473	50040.000000	377.283713	-0.104885	-0.000587
96.535783	794.607464	50980.000000	377.283718	-0.103598	-0.000587
95.077902	794.607464	52620.000000	377.283717	-0.103598	-0.001874
95.930367	794.607451	50040.000000	377.283724	-0.103598	-0.001874
97.866339	794.607442	50900.000000	377.283728	-0.103598	-0.001874
96.586339	794.607441	51280.000000	377.283728	-0.103598	-0.001874
95.958138	794.607428	51190.000000	377.283735	-0.103598	-0.001874
96.053872	794.607393	51320.000000	377.283751	-0.104885	-0.001874
97.040125	794.607338	52710.000000	377.283778	-0.103598	-0.001874
96.898799	794.607317	52530.000000	377.283787	-0.103598	-0.001874
95.722774	794.607296	52290.000000	377.283797	-0.103598	-0.001874
94.803842	794.607291	52600.000000	377.283800	-0.103598	-0.000587
94.973446	794.607291	51550.000000	377.283800	-0.103598	-0.001874
97.742670	794.607301	52500.000000	377.283795	-0.103598	-0.001874
99.009378	794.607303	50200.000000	377.283794	-0.103598	-0.001874
97.954456	794.607303	50710.000000	377.283794	-0.103598	-0.001874
98.549783	794.607294	51180.000000	377.283798	-0.103598	-0.001874
96.589299	794.607241	48360.000000	377.283823	-0.103598	-0.001874
96.042372	794.607189	47780.000000	377.283848	-0.103598	-0.001874
95.491103	794.607178	48060.000000	377.283853	-0.103598	-0.001874
94.100519	794.607158	47070.000000	377.283863	-0.103598	-0.001874
94.860121	794.607168	47100.000000	377.283858	-0.103598	-0.001874
95.637282	794.607148	45760.000000	377.283867	-0.103598	-0.001874
97.806783	794.607144	45360.000000	377.283869	-0.103598	-0.001874
98.272567	794.607142	46820.000000	377.283871	-0.103598	-0.001874
99.542963	794.607119	46780.000000	377.283881	-0.102310	-0.001874
96.406230	794.607109	46400.000000	377.283886	-0.103598	-0.001874
94.871136	794.606994	46930.000000	377.283941	-0.103598	-0.000587
95.476529	794.606966	45450.000000	377.283954	-0.103598	-0.001874
95.149389	794.606901	44970.000000	377.283985	-0.103598	-0.001874
96.650619	794.606905	44620.000000	377.283983	-0.102310	-0.001874
98.200817	794.606885	43740.000000	377.283993	-0.103598	-0.001874
97.374257	794.606874	44710.000000	377.283998	-0.103598	-0.001874
97.425873	794.606871	45610.000000	377.283999	-0.102310	-0.001874
95.800585	794.606855	43400.000000	377.284007	-0.103598	-0.001874
95.994153	794.606845	44260.000000	377.284012	-0.103598	-0.000587
96.435122	794.606824	44600.000000	377.284021	-0.103598	-0.001874
97.619356	794.606783	43440.000000	377.284041	-0.102310	-0.001874
97.313839	794.606740	41750.000000	377.284061	-0.103598	-0.001874
96.170748	794.606722	42880.000000	377.284070	-0.102310	-0.001874
96.067340	794.606720	42880.000000	377.284071	-0.103598	-0.001874
97.756120	794.606693	40860.000000	377.284083	-0.103598	-0.001874
95.001660	794.606664	41400.000000	377.284097	-0.103598	-0.000587
97.875820	794.606649	41810.000000	377.284105	-0.103598	-0.001874
97.589659	794.606635	42570.000000	377.284111	-0.103598	-0.000587
95.518618	794.606626	43140.000000	377.284116	-0.102310	-0.001874
93.592002	794.606611	40460.000000	377.284122	-0.103598	-0.001874
95.718906	794.606605	40500.000000	377.284126	-0.103598	-0.001874
98.642559	794.606591	39660.000000	377.284132	-0.103598	-0.000587
98.929842	794.606596	38400.000000	377.284130	-0.103598	-0.001874
96.556368	794.606589	38480.000000	377.284133	-0.103598	-0.001874
94.258974	794.606583	38880.000000	377.284136	-0.103598	-0.001874
94.435302	794.606571	36910.000000	377.284141	-0.103598	-0.000587
94.778141	794.606573	36800.000000	377.284141	-0.102310	-0.001874
98.323161	794.606561	36760.000000	377.284146	-0.103598	-0.001874
98.723556	794.606554	36330.000000	377.284150	-0.103598	-0.001874
97.356183	794.606553	33800.000000	377.284150	-0.102310	-0.001874
95.121610	794.606533	32450.000000	377.284160	-0.101022	-0.001874
94.944958	794.606536	32450.000000	377.284158	-0.090721	-0.000587
97.380757	794.606522	31490.000000	377.284165	-0.103598	-0.001874
96.298345	794.606496	29680.000000	377.284177	-0.103598	-0.000587
95.924092	794.606480	24990.000000	377.284185	-0.102310	-0.001874
98.275600	794.606448	21000.000000	377.284200	-0.102310	-0.001874
98.642673	794.606437	18960.000000	377.284205	-0.103598	-0.001874
96.162725	794.606432	19990.000000	377.284208	-0.102310	-0.000587
94.830646	794.606420	21400.000000	377.284213	-0.102310	-0.000587
95.052717	794.606423	23940.000000	377.284212	-0.103598	-0.001874
94.566550	794.606418	24550.000000	377.284214	-0.103598	-0.001874
94.073664	794.606411	25970.000000	377.284218	-0.103598	-0.000587
96.634044	794.606406	25680.000000	377.284220	-0.103598	-0.000587
96.980529	794.606408	26020.000000	377.284219	-0.102310	-0.001874
98.164863	794.606397	26400.000000	377.284224	-0.101022	-0.000587
98.949480	794.606389	27420.000000	377.284228	-0.101022	-0.001874
96.795505	794.606387	27610.000000	377.284229	-0.102310	-0.000587
97.399762	794.606371	27470.000000	377.284237	-0.102310	-0.000587
94.796728	794.606324	27790.000000	377.284259	-0.101022	-0.001874
94.835437	794.606232	29820.000000	377.284303	-0.101022	-0.000587
94.371882	794.606214	35190.000000	377.284311	-0.101022	-0.001874
95.201247	794.606194	34780.000000	377.284321	-0.101022	-0.001874
97.031723	794.606190	35610.000000	377.284323	-0.101022	-0.000587
98.595486	794.606187	35440.000000	377.284324	-0.101022	-0.000587
98.312620	794.606176	37990.000000	377.284329	-0.101022	-0.001874
96.298849	794.606174	36100.000000	377.284330	-0.101022	-0.001874
95.043960	794.606168	36790.000000	377.284333	-0.101022	-0.001874
94.492101	794.606138	37840.000000	377.284347	-0.101022	-0.001874
95.152870	794.606086	37800.000000	377.284372	-0.101022	-0.001874
95.980530	794.605957	35860.000000	377.284433	-0.101022	-0.001874
95.210140	794.605951	31170.000000	377.284436	-0.101022	-0.000587
97.207331	794.605970	29110.000000	377.284427	-0.101022	-0.000587
96.749593	794.605928	30710.000000	377.284447	-0.101022	-0.001874
96.352258	794.605910	29620.000000	377.284455	-0.101022	-0.001874
94.566454	794.605898	30100.000000	377.284461	-0.101022	-0.001874
96.102760	794.605858	33010.000000	377.284480	-0.101022	-0.001874
95.565619	794.605851	36520.000000	377.284483	-0.101022	-0.001874
96.738325	794.605829	37880.000000	377.284494	-0.102310	-0.001874
96.763792	794.605828	39150.000000	377.284494	-0.101022	-0.001874
94.923326	794.605805	39640.000000	377.284505	-0.101022	-0.001874
95.670582	794.605785	40280.000000	377.284515	-0.102310	-0.001874
97.395801	794.605785	41140.000000	377.284515	-0.101022	-0.001874
96.700635	794.605730	42490.000000	377.284541	-0.101022	-0.000587
96.424820	794.605718	44830.000000	377.284546	-0.102310	-0.001874
96.791023	794.605700	45630.000000	377.284555	-0.101022	-0.001874
96.866437	794.605677	45210.000000	377.284566	-0.102310	-0.001874
97.542782	794.605670	45510.000000	377.284569	-0.102310	-0.000587
97.201171	794.605661	45060.000000	377.284574	-0.101022	-0.000587
96.260247	794.605652	45380.000000	377.284578	-0.101022	-0.001874
95.378779	794.605644	44290.000000	377.284582	-0.101022	-0.001874
95.390093	794.605640	44310.000000	377.284584	-0.101022	-0.001874
95.878854	794.605637	45890.000000	377.284585	-0.102310	-0.000587
99.421898	794.605620	45610.000000	377.284593	-0.102310	-0.000587
99.120174	794.605613	43970.000000	377.284596	-0.101022	-0.001874
97.539806	794.605613	44110.000000	377.284596	-0.101022	-0.001874
96.505491	794.605612	43280.000000	377.284597	-0.102310	-0.001874
96.072578	794.605546	43380.000000	377.284628	-0.103598	-0.000587
96.170358	794.605517	33400.000000	377.284642	-0.102310	-0.001874
95.598211	794.605511	28520.000000	377.284645	-0.102310	-0.000587
93.828469	794.605517	28120.000000	377.284642	-0.102310	-0.001874
95.617922	794.605510	26490.000000	377.284645	-0.103598	-0.001874
97.677474	794.605499	28050.000000	377.284651	-0.102310	-0.001874
98.126938	794.605498	29870.000000	377.284651	-0.101022	-0.001874
97.361941	794.605491	31400.000000	377.284654	-0.102310	-0.001874
97.715952	794.605487	32370.000000	377.284656	-0.102310	-0.001874
95.372010	794.605475	32620.000000	377.284662	-0.102310	-0.001874
94.714267	794.605478	35090.000000	377.284661	-0.103598	-0.001874
96.345237	794.605458	36750.000000	377.284670	-0.103598	-0.001874
95.928316	794.605461	37420.000000	377.284669	-0.103598	-0.001874
98.015853	794.605439	37350.000000	377.284679	-0.103598	-0.000587
97.184232	794.605438	38930.000000	377.284680	-0.103598	-0.000587
96.655261	794.605433	39480.000000	377.284682	-0.102310	-0.000587
96.229686	794.605409	39930.000000	377.284693	-0.103598	-0.001874
96.925919	794.605396	41720.000000	377.284700	-0.103598	-0.001874
96.776159	794.605375	43050.000000	377.284710	-0.103598	-0.001874
95.764931	794.605311	42000.000000	377.284740	-0.103598	-0.001874
96.530650	794.605318	45460.000000	377.284736	-0.103598	-0.001874
96.193997	794.605277	46360.000000	377.284756	-0.103598	-0.001874
96.387052	794.605249	47240.000000	377.284769	-0.104885	-0.001874
96.022850	794.605177	46300.000000	377.284803	-0.103598	-0.001874
96.790693	794.605111	48210.000000	377.284835	-0.103598	-0.001874
96.036577	794.605103	48300.000000	377.284838	-0.103598	-0.001874
96.848966	794.605081	49520.000000	377.284849	-0.103598	-0.001874
95.580022	794.605040	50180.000000	377.284869	-0.103598	-0.000587
96.505979	794.605016	49060.000000	377.284880	-0.103598	-0.001874
95.123272	794.604974	50520.000000	377.284900	-0.103598	-0.001874
95.876525	794.604960	51230.000000	377.284906	-0.103598	-0.001874
97.335611	794.604943	51130.000000	377.284915	-0.104885	-0.001874
94.581363	794.604914	51210.000000	377.284928	-0.103598	-0.001874
96.788292	794.604856	50590.000000	377.284956	-0.104885	-0.001874
96.651013	794.604883	50500.000000	377.284943	-0.104885	-0.001874
97.139207	794.604841	52490.000000	377.284963	-0.104885	-0.001874
96.804463	794.604817	52500.000000	377.284974	-0.104885	-0.001874
96.057125	794.604803	52410.000000	377.284981	-0.103598	-0.001874
95.980230	794.604789	52580.000000	377.284988	-0.103598	-0.001874
95.434926	794.604792	52370.000000	377.284986	-0.103598	-0.000587
96.727493	794.604779	51280.000000	377.284992	-0.103598	-0.000587
98.084430	794.604769	52480.000000	377.284997	-0.103598	-0.001874
97.158825	794.604761	51400.000000	377.285001	-0.103598	-0.000587
97.104886	794.604759	51910.000000	377.285002	-0.104885	-0.001874
94.549487	794.604739	51560.000000	377.285012	-0.103598	-0.001874
94.616896	794.604742	52640.000000	377.285010	-0.104885	-0.001874
97.703335	794.604729	52640.000000	377.285016	-0.103598	-0.001874
97.358653	794.604732	51020.000000	377.285015	-0.103598	-0.001874
96.324440	794.604722	51670.000000	377.285020	-0.104885	-0.000587
95.619171	794.604713	51680.000000	377.285024	-0.103598	-0.001874
94.636576	794.604705	53670.000000	377.285028	-0.106173	-0.001874
95.083882	794.604711	52900.000000	377.285025	-0.103598	-0.000587
94.905569	794.604719	51830.000000	377.285021	-0.104885	-0.000587
95.946613	794.604725	51230.000000	377.285018	-0.103598	-0.000587
98.258788	794.604729	51530.000000	377.285016	-0.103598	-0.000587
97.878581	794.604731	51520.000000	377.285015	-0.103598	-0.001874
94.886660	794.604743	50920.000000	377.285010	-0.103598	-0.001874
95.716104	794.604740	50240.000000	377.285011	-0.104885	-0.000587
95.503283	794.604765	50640.000000	377.284999	-0.104885	-0.001874
95.851638	794.604767	50600.000000	377.284998	-0.104885	-0.000587
97.742989	794.604773	48520.000000	377.284995	-0.103598	-0.001874
98.795472	794.604779	48640.000000	377.284993	-0.103598	-0.001874
97.628239	794.604783	49830.000000	377.284990	-0.104885	-0.000587
96.949069	794.604798	49480.000000	377.284983	-0.104885	-0.001874
95.987244	794.604800	49480.000000	377.284983	-0.099735	-0.001874
94.247241	794.604803	49480.000000	377.284981	-0.084283	-0.001874
96.068401	794.604817	48330.000000	377.284974	-0.103598	-0.001874
96.869344	794.604831	47760.000000	377.284968	-0.103598	-0.001874
96.449102	794.604843	47620.000000	377.284962	-0.103598	-0.001874
97.300551	794.604868	47750.000000	377.284950	-0.104885	-0.001874
96.685235	794.604896	47530.000000	377.284937	-0.103598	-0.000587
96.003807	794.604919	46580.000000	377.284926	-0.104885	-0.000587
95.200913	794.604975	48770.000000	377.284899	-0.103598	-0.001874
96.889924	794.605023	47690.000000	377.284877	-0.103598	-0.001874
96.135381	794.605033	47980.000000	377.284872	-0.103598	-0.001874
96.307197	794.605070	47900.000000	377.284854	-0.104885	-0.000587
96.012225	794.605111	47370.000000	377.284835	-0.097159	-0.001874
96.190829	794.605123	47370.000000	377.284829	-0.099735	-0.001874
95.872377	794.605201	47960.000000	377.284792	-0.103598	-0.001874
97.171608	794.605199	49290.000000	377.284793	-0.104885	-0.000587
96.471495	794.605221	50530.000000	377.284783	-0.104885	-0.001874
96.133562	794.605269	51400.000000	377.284760	-0.103598	-0.001874
97.831173	794.605357	49950.000000	377.284718	-0.103598	-0.001874
99.249693	794.605384	44580.000000	377.284705	-0.103598	-0.001874
98.050903	794.605391	45250.000000	377.284702	-0.103598	-0.001874
98.507787	794.605394	46640.000000	377.284700	-0.104885	-0.000587
96.103910	794.605394	45280.000000	377.284700	-0.103598	-0.000587
96.110393	794.605399	44300.000000	377.284698	-0.103598	-0.001874
93.751936	794.605409	45980.000000	377.284693	-0.103598	-0.001874
93.639461	794.605411	43490.000000	377.284692	-0.104885	-0.001874
97.158057	794.605416	43860.000000	377.284690	-0.104885	-0.000587
98.209014	794.605423	42630.000000	377.284687	-0.103598	-0.001874
97.625887	794.605433	43020.000000	377.284682	-0.104885	-0.001874
98.185161	794.605439	39650.000000	377.284679	-0.103598	-0.001874
94.734779	794.605450	40960.000000	377.284674	-0.103598	-0.000587
95.265708	794.605454	37660.000000	377.284672	-0.103598	-0.001874
96.670718	794.605471	35740.000000	377.284664	-0.103598	-0.001874
