632.885639	822.469254	0.000000	0.000000	364.502936
621.729372	822.469335	0.000000	0.000000	364.502900
622.442082	822.469395	9850.000000	620.000000	364.502874
618.856981	822.469423	7220.000000	650.000000	364.502861
629.525858	822.469465	6690.000000	500.000000	364.502843
627.843464	822.469676	5890.000000	770.000000	364.502749
624.218620	822.469713	3340.000000	550.000000	364.502733
618.401688	822.469956	2110.000000	620.000000	364.502625
644.900381	822.469994	1150.000000	620.000000	364.502608
625.390831	822.470020	880.000000	680.000000	364.502597
632.121665	822.470042	1010.000000	790.000000	364.502587
616.699823	822.470265	630.000000	730.000000	364.502488
615.583229	822.470284	530.000000	710.000000	364.502480
642.158202	822.470394	520.000000	550.000000	364.502431
644.691842	822.470569	440.000000	550.000000	364.502353
612.326776	822.470583	640.000000	780.000000	364.502347
624.535779	822.470611	420.000000	660.000000	364.502335
610.872158	822.470836	490.000000	740.000000	364.502235
635.419532	822.470886	490.000000	650.000000	364.502213
621.427697	822.470888	570.000000	670.000000	364.502212
624.352022	822.470916	390.000000	710.000000	364.502200
631.750840	822.470918	510.000000	720.000000	364.502199
608.673775	822.470896	380.000000	610.000000	364.502209
633.349537	822.470895	390.000000	870.000000	364.502209
621.580554	822.470880	460.000000	700.000000	364.502215
608.568600	822.470844	360.000000	720.000000	364.502232
631.847613	822.470619	550.000000	500.000000	364.502331
637.665482	822.470607	490.000000	680.000000	364.502336
608.860024	822.470590	540.000000	770.000000	364.502344
620.349268	822.470337	360.000000	610.000000	364.502456
644.956304	822.470317	560.000000	680.000000	364.502465
634.131263	822.470070	520.000000	590.000000	364.502575
613.369183	822.470069	580.000000	590.000000	364.502575
636.959532	822.470039	760.000000	690.000000	364.502588
630.723185	822.469979	730.000000	730.000000	364.502615
628.356051	822.469782	830.000000	570.000000	364.502702
625.687437	822.469684	1720.000000	720.000000	364.502746
628.676414	822.469581	2110.000000	640.000000	364.502791
628.015409	822.469388	3500.000000	640.000000	364.502877
629.404277	822.469382	4030.000000	790.000000	364.502880
638.140251	822.469375	6520.000000	640.000000	364.502882
617.037149	822.469323	7190.000000	660.000000	364.502906
622.032884	822.469154	9900.000000	740.000000	364.502980
617.057918	822.469102	19160.000000	720.000000	364.503003
624.484901	822.468987	23210.000000	680.000000	364.503054
639.053986	822.468862	24230.000000	730.000000	364.503110
615.666285	822.468828	23690.000000	500.000000	364.503125
627.677384	822.468784	20720.000000	680.000000	364.503144
625.430471	822.468650	19050.000000	690.000000	364.503204
635.844234	822.468476	27720.000000	640.000000	364.503281
628.640775	822.468443	40920.000000	700.000000	364.503295
616.896897	822.468259	41100.000000	760.000000	364.503377
617.280813	822.468229	34470.000000	550.000000	364.503391
624.073696	822.468224	32130.000000	540.000000	364.503392
632.676581	822.467977	27750.000000	600.000000	364.503502
615.818124	822.467959	15290.000000	620.000000	364.503510
640.732795	822.467930	13990.000000	630.000000	364.503523
613.108001	822.467720	13170.000000	760.000000	364.503616
641.681555	822.467609	7110.000000	630.000000	364.503665
621.061578	822.467576	3330.000000	910.000000	364.503680
618.703280	822.467497	2830.000000	510.000000	364.503715
610.427903	822.467431	1930.000000	680.000000	364.503744
618.515321	822.467403	1400.000000	570.000000	364.503757
624.594568	822.467252	1460.000000	520.000000	364.503823
630.894628	822.467090	810.000000	770.000000	364.503895
625.018777	822.467061	640.000000	610.000000	364.503908
621.802117	822.466941	570.000000	660.000000	364.503961
635.402876	822.466834	620.000000	590.000000	364.504008
630.818716	822.466787	420.000000	640.000000	364.504030
622.682212	822.466555	500.000000	530.000000	364.504132
616.967623	822.466533	540.000000	650.000000	364.504142
621.570151	822.466533	550.000000	650.000000	364.504142
612.050361	822.466537	560.000000	620.000000	364.504140
626.764243	822.466809	410.000000	640.000000	364.504020
608.465721	822.466822	520.000000	680.000000	364.504014
610.776074	822.466862	510.000000	560.000000	364.503996
628.093124	822.467044	500.000000	450.000000	364.503916
626.247158	822.467099	630.000000	590.000000	364.503891
619.840015	822.467181	600.000000	620.000000	364.503855
611.026506	822.467411	700.000000	770.000000	364.503753
637.037578	822.467452	1240.000000	820.000000	364.503735
612.769612	822.467465	1370.000000	590.000000	364.503729
611.492911	822.467496	1420.000000	710.000000	364.503715
610.686008	822.467520	1880.000000	720.000000	364.503705
614.103022	822.467636	2170.000000	790.000000	364.503653
617.045009	822.467887	4520.000000	820.000000	364.503542
625.071733	822.467926	10890.000000	670.000000	364.503525
613.395324	822.467935	12540.000000	590.000000	364.503521
626.657977	822.467969	13260.000000	530.000000	364.503506
611.714155	822.468236	14360.000000	710.000000	364.503387
616.499546	822.468257	30830.000000	710.000000	364.503378
630.300305	822.468289	32010.000000	610.000000	364.503364
626.080689	822.468510	34070.000000	740.000000	364.503266
623.411277	822.468548	39810.000000	620.000000	364.503249
630.312066	822.468810	30700.000000	800.000000	364.503133
628.627809	822.468845	20550.000000	500.000000	364.503117
637.339495	822.468877	20210.000000	610.000000	364.503103
629.603988	822.468915	23350.000000	740.000000	364.503086
617.257754	822.468945	26010.000000	480.000000	364.503073
615.185598	822.469175	26050.000000	600.000000	364.502971
619.097319	822.469209	18440.000000	600.000000	364.502956
639.469978	822.469257	15860.000000	600.000000	364.502935
621.040539	822.469442	13630.000000	700.000000	364.502853
635.133880	822.469480	7270.000000	910.000000	364.502836
615.564820	822.469491	6780.000000	750.000000	364.502831
638.145964	822.469668	5980.000000	680.000000	364.502753
611.416062	822.469775	4100.000000	500.000000	364.502705
639.877400	822.469818	1320.000000	710.000000	364.502686
614.371533	822.470059	1280.000000	750.000000	364.502579
641.350240	822.470102	870.000000	520.000000	364.502560
610.297616	822.470104	630.000000	750.000000	364.502560
625.599705	822.470138	510.000000	610.000000	364.502544
641.659500	822.470371	590.000000	580.000000	364.502441
613.892937	822.470394	500.000000	790.000000	364.502431
628.563255	822.470639	470.000000	620.000000	364.502322
606.932081	822.470677	530.000000	630.000000	364.502306
632.074022	822.470708	450.000000	660.000000	364.502292
621.335435	822.470718	410.000000	610.000000	364.502287
617.219660	822.470865	410.000000	700.000000	364.502222
635.085322	822.470989	480.000000	590.000000	364.502167
604.620122	822.471000	370.000000	710.000000	364.502162
606.864692	822.470998	410.000000	700.000000	364.502163
604.064128	822.470995	480.000000	730.000000	364.502164
623.668915	822.470990	430.000000	570.000000	364.502167
632.472306	822.470755	470.000000	610.000000	364.502271
633.294883	822.470747	430.000000	540.000000	364.502275
605.835573	822.470724	500.000000	610.000000	364.502284
626.251172	822.470505	470.000000	560.000000	364.502382
631.080823	822.470460	440.000000	600.000000	364.502402
616.086974	822.470294	450.000000	570.000000	364.502475
627.450861	822.470211	490.000000	670.000000	364.502512
603.235412	822.470197	550.000000	710.000000	364.502518
642.761991	822.470177	600.000000	680.000000	364.502527
619.521654	822.469900	410.000000	590.000000	364.502650
636.431583	822.469902	770.000000	770.000000	364.502649
631.588007	822.469659	1100.000000	720.000000	364.502757
614.264456	822.469620	1780.000000	490.000000	364.502774
641.166295	822.469614	3390.000000	680.000000	364.502777
619.029613	822.469575	3650.000000	480.000000	364.502794
624.073254	822.469447	4570.000000	530.000000	364.502851
608.086332	822.469351	5980.000000	710.000000	364.502893
627.525544	822.469331	6480.000000	690.000000	364.502902
630.618076	822.469098	6910.000000	610.000000	364.503005
610.423718	822.469072	19580.000000	650.000000	364.503017
627.915310	822.469049	24550.000000	680.000000	364.503027
626.856920	822.469007	26160.000000	710.000000	364.503046
621.685820	822.468829	26370.000000	610.000000	364.503125
620.658590	822.468628	21890.000000	630.000000	364.503214
620.536360	822.468519	16970.000000	640.000000	364.503262
609.730186	822.468486	22470.000000	770.000000	364.503277
611.311925	822.468464	36760.000000	550.000000	364.503286
627.974941	822.468289	38160.000000	520.000000	364.503364
613.824412	822.468172	34810.000000	600.000000	364.503416
629.407225	822.468150	25910.000000	710.000000	364.503426
612.399331	822.468110	23200.000000	780.000000	364.503443
619.185272	822.467956	22740.000000	640.000000	364.503511
620.450508	822.467790	16580.000000	580.000000	364.503585
620.619749	822.467770	9780.000000	640.000000	364.503594
625.640199	822.467678	6130.000000	580.000000	364.503635
636.332555	822.467634	4490.000000	630.000000	364.503654
615.215097	822.467595	3110.000000	710.000000	364.503671
613.456008	822.467484	2920.000000	550.000000	364.503721
621.635992	822.467269	2060.000000	540.000000	364.503816
609.925783	822.467226	830.000000	680.000000	364.503835
614.479401	822.467184	600.000000	480.000000	364.503854
616.544811	822.467029	530.000000	670.000000	364.503922
622.417757	822.466972	370.000000	710.000000	364.503948
621.193830	822.466775	510.000000	700.000000	364.504035
610.563389	822.466692	440.000000	580.000000	364.504072
633.887600	822.466680	420.000000	710.000000	364.504077
618.348636	822.466648	530.000000	690.000000	364.504091
613.729662	822.466650	420.000000	610.000000	364.504090
610.092338	822.466653	390.000000	710.000000	364.504089
620.446841	822.466686	430.000000	600.000000	364.504074
628.212729	822.466721	590.000000	600.000000	364.504059
614.035158	822.466938	470.000000	600.000000	364.503962
614.090644	822.466979	460.000000	640.000000	364.503944
616.678551	822.467153	540.000000	560.000000	364.503867
629.262256	822.467198	540.000000	500.000000	364.503847
622.822325	822.467231	820.000000	710.000000	364.503833
616.632715	822.467365	480.000000	690.000000	364.503773
626.178793	822.467532	920.000000	740.000000	364.503699
624.413827	822.467598	2120.000000	580.000000	364.503670
618.602926	822.467719	2680.000000	700.000000	364.503616
630.990149	822.467761	4260.000000	740.000000	364.503598
609.348586	822.467773	5560.000000	520.000000	364.503593
634.475321	822.467802	6300.000000	480.000000	364.503579
610.512936	822.468057	8930.000000	660.000000	364.503467
631.284066	822.468087	19200.000000	450.000000	364.503453
624.627452	822.468119	20780.000000	870.000000	364.503439
620.540463	822.468303	21770.000000	640.000000	364.503357
634.972541	822.468380	29530.000000	710.000000	364.503324
626.426612	822.468509	34840.000000	670.000000	364.503267
617.340250	822.468579	37380.000000	800.000000	364.503235
620.345260	822.468577	36320.000000	760.000000	364.503236
623.775976	822.468747	31290.000000	760.000000	364.503161
620.952002	822.468842	19950.000000	660.000000	364.503119
623.126244	822.469073	16960.000000	600.000000	364.503016
618.713168	822.469087	23030.000000	670.000000	364.503010
622.859902	822.469115	23740.000000	550.000000	364.502998
623.568410	822.469277	21730.000000	600.000000	364.502926
609.312422	822.469371	16610.000000	650.000000	364.502884
637.267039	822.469397	6350.000000	710.000000	364.502873
625.493722	822.469400	5970.000000	740.000000	364.502872
631.737241	822.469627	5530.000000	520.000000	364.502771
638.933460	822.469633	3700.000000	500.000000	364.502768
615.814220	822.469630	3270.000000	730.000000	364.502769
633.088452	822.469900	2990.000000	760.000000	364.502650
636.714263	822.469907	930.000000	570.000000	364.502647
610.044323	822.470157	930.000000	560.000000	364.502536
641.144998	822.470183	590.000000	560.000000	364.502524
624.707604	822.470191	600.000000	660.000000	364.502521
627.370126	822.470289	510.000000	620.000000	364.502477
627.154694	822.470426	410.000000	680.000000	364.502417
630.878834	822.470460	560.000000	630.000000	364.502402
635.904959	822.470703	460.000000	770.000000	364.502294
606.786582	822.470724	490.000000	700.000000	364.502285
627.217875	822.470748	270.000000	600.000000	364.502274
630.732357	822.470837	520.000000	700.000000	364.502234
607.707350	822.471002	330.000000	470.000000	364.502161
607.487205	822.471036	570.000000	630.000000	364.502146
609.886285	822.471042	450.000000	860.000000	364.502144
629.790644	822.471020	350.000000	570.000000	364.502153
611.504361	822.470875	430.000000	670.000000	364.502218
633.329017	822.470788	510.000000	570.000000	364.502256
610.773330	822.470750	410.000000	510.000000	364.502273
609.465061	822.470722	470.000000	650.000000	364.502286
633.980364	822.470541	550.000000	780.000000	364.502366
627.371012	822.470463	620.000000	700.000000	364.502400
631.608711	822.470398	470.000000	530.000000	364.502429
621.561871	822.470247	600.000000	580.000000	364.502496
622.264383	822.470192	560.000000	540.000000	364.502520
636.867132	822.470174	690.000000	670.000000	364.502528
623.867532	822.470105	490.000000	730.000000	364.502559
618.023199	822.469905	470.000000	520.000000	364.502648
628.531906	822.469779	930.000000	590.000000	364.502703
635.459348	822.469644	1290.000000	690.000000	364.502763
639.347721	822.469606	2750.000000	800.000000	364.502780
614.055657	822.469541	3770.000000	520.000000	364.502809
620.854112	822.469449	4490.000000	720.000000	364.502850
631.813241	822.469380	6550.000000	670.000000	364.502880
631.146936	822.469335	6000.000000	650.000000	364.502900
611.185329	822.469157	7170.000000	860.000000	364.502979
609.958961	822.469078	15480.000000	580.000000	364.503014
632.545456	822.469051	23830.000000	580.000000	364.503026
631.077850	822.469000	24860.000000	760.000000	364.503049
629.095429	822.468798	24940.000000	830.000000	364.503138
630.783477	822.468732	18640.000000	740.000000	364.503168
614.546009	822.468542	18010.000000	700.000000	364.503252
619.932236	822.468497	30270.000000	730.000000	364.503272
634.917889	822.468472	38070.000000	740.000000	364.503283
627.331015	822.468422	38370.000000	560.000000	364.503305
630.221813	822.468189	37610.000000	710.000000	364.503408
627.510188	822.468141	26760.000000	680.000000	364.503429
616.333693	822.468107	23220.000000	580.000000	364.503444
613.063107	822.468014	22040.000000	660.000000	364.503486
618.429615	822.467823	16700.000000	670.000000	364.503570
615.376088	822.458014	11510.000000	860.000000	364.507917
616.127630	822.467686	6150.000000	650.000000	364.503631
619.447361	822.467593	4400.000000	700.000000	364.503672
629.386672	822.467580	3200.000000	650.000000	364.503678
621.255463	822.467548	2610.000000	700.000000	364.503692
631.748223	822.467330	2140.000000	450.000000	364.503789
606.841547	822.467211	1060.000000	680.000000	364.503842
624.148514	822.467196	590.000000	700.000000	364.503848
622.568744	822.467023	610.000000	840.000000	364.503925
625.261974	822.466973	480.000000	590.000000	364.503947
612.922913	822.466823	480.000000	540.000000	364.504014
610.722413	822.466682	520.000000	840.000000	364.504076
617.347936	822.466670	490.000000	700.000000	364.504081
620.298299	822.466648	570.000000	600.000000	364.504091
629.347020	822.466655	500.000000	720.000000	364.504088
615.307253	822.466678	450.000000	520.000000	364.504078
622.547867	822.466690	530.000000	580.000000	364.504072
618.447278	822.466754	480.000000	640.000000	364.504044
620.820145	822.466953	450.000000	610.000000	364.503956
615.346416	822.467025	540.000000	640.000000	364.503924
627.786437	822.467164	440.000000	680.000000	364.503862
606.923576	822.467205	670.000000	540.000000	364.503844
608.701059	822.467215	500.000000	680.000000	364.503840
613.200999	822.467454	630.000000	780.000000	364.503734
623.625984	822.467573	1290.000000	690.000000	364.503681
620.652559	822.467667	2080.000000	730.000000	364.503639
614.170720	822.467681	3300.000000	610.000000	364.503633
630.633965	822.467723	4270.000000	700.000000	364.503615
619.403137	822.467684	4250.000000	510.000000	364.503632
624.611202	822.467969	5610.000000	550.000000	364.503506
621.645628	822.468044	12960.000000	640.000000	364.503473
618.199163	822.468104	16460.000000	710.000000	364.503446
619.771399	822.468188	20310.000000	750.000000	364.503409
616.678648	822.468273	25860.000000	750.000000	364.503371
626.402873	822.468455	29840.000000	470.000000	364.503290
613.489141	822.468498	39210.000000	560.000000	364.503271
627.376153	822.468503	39330.000000	680.000000	364.503269
616.145672	822.468711	37770.000000	720.000000	364.503177
618.808473	822.468753	25190.000000	590.000000	364.503158
606.809535	822.468996	18030.000000	690.000000	364.503050
630.865394	822.469027	25080.000000	500.000000	364.503037
624.294193	822.469047	25840.000000	620.000000	364.503028
616.692939	822.469047	24530.000000	720.000000	364.503028
639.782980	822.469311	23030.000000	650.000000	364.502911
619.773762	822.469322	8480.000000	720.000000	364.502906
622.847228	822.469339	7340.000000	750.000000	364.502898
608.488201	822.469552	6610.000000	720.000000	364.502804
625.645325	822.469571	4930.000000	780.000000	364.502796
635.059946	822.469586	4320.000000	720.000000	364.502789
616.551867	822.469795	4060.000000	690.000000	364.502696
618.030268	822.469876	2500.000000	560.000000	364.502660
617.287225	822.469963	880.000000	740.000000	364.502622
614.396755	822.470182	700.000000	830.000000	364.502525
617.651986	822.470197	550.000000	710.000000	364.502518
627.569058	822.470223	530.000000	660.000000	364.502507
616.347330	822.470300	510.000000	640.000000	364.502473
628.953845	822.470480	550.000000	550.000000	364.502393
629.508633	822.470503	430.000000	660.000000	364.502382
624.905563	822.470753	330.000000	720.000000	364.502272
612.207848	822.470758	410.000000	560.000000	364.502270
626.742772	822.470785	400.000000	690.000000	364.502258
608.611371	822.470998	390.000000	580.000000	364.502163
603.027581	822.471038	400.000000	530.000000	364.502145
622.573784	822.471049	850.000000	660.000000	364.502141
633.263613	822.471050	430.000000	550.000000	364.502140
604.080146	822.471027	520.000000	510.000000	364.502150
615.929347	822.470988	450.000000	550.000000	364.502168
