171.630894	794.606443	0.000000	377.284202	0.165519	0.077959
172.502860	794.606460	36340.000000	377.284194	0.165519	0.095986
170.801593	794.606494	34853.333333	377.284178	0.165519	0.105000
172.449047	794.606684	27766.666667	377.284088	0.166806	0.111438
172.703910	794.606761	25906.666667	377.284051	0.165519	0.115301
172.743491	794.606815	31026.666667	377.284026	0.165519	0.120451
173.184163	794.606867	33293.333333	377.284001	0.165519	0.123027
173.852313	794.606922	37280.000000	377.283975	0.165519	0.126890
172.549077	794.606950	37200.000000	377.283962	0.165519	0.126890
171.075445	794.606979	37466.666667	377.283948	0.165519	0.129465
170.682398	794.606998	38080.000000	377.283939	0.165519	0.132040
172.545528	794.607019	38313.333333	377.283929	0.165519	0.134615
171.970934	794.607050	38593.333333	377.283914	0.165519	0.135903
174.336851	794.607080	38533.333333	377.283900	0.165519	0.135903
173.641447	794.607098	39793.333333	377.283891	0.165519	0.135903
173.508112	794.607154	38520.000000	377.283865	0.165519	0.138478
172.844135	794.607209	38660.000000	377.283838	0.165519	0.139766
174.618960	794.607272	41146.666667	377.283809	0.166806	0.138478
173.708384	794.607318	39213.333333	377.283787	0.165519	0.139766
173.251623	794.607355	40893.333333	377.283769	0.165519	0.139766
172.762860	794.607374	39013.333333	377.283760	0.165519	0.139766
173.006449	794.607390	40566.666667	377.283753	0.165519	0.139766
173.640094	794.607404	38706.666667	377.283746	0.165519	0.139766
171.672270	794.607425	38853.333333	377.283736	0.165519	0.139766
172.968334	794.607444	38313.333333	377.283727	0.165519	0.141054
172.392353	794.607511	37926.666667	377.283695	0.165519	0.141054
172.474204	794.607589	37966.666667	377.283658	0.165519	0.141054
171.841668	794.607648	39973.333333	377.283630	0.165519	0.141054
173.027039	794.607748	38340.000000	377.283583	0.165519	0.141054
174.821808	794.607814	38713.333333	377.283552	0.165519	0.141054
174.640405	794.607847	38393.333333	377.283536	0.165519	0.141054
174.043382	794.607885	39433.333333	377.283518	0.165519	0.139766
174.318458	794.607925	39560.000000	377.283499	0.166806	0.141054
172.486756	794.607952	38613.333333	377.283486	0.166806	0.139766
173.131734	794.607982	37993.333333	377.283471	0.165519	0.139766
172.468019	794.608009	38386.666667	377.283459	0.165519	0.138478
171.849225	794.608035	39180.000000	377.283446	0.165519	0.138478
174.400624	794.608063	39353.333333	377.283433	0.165519	0.138478
174.744844	794.608090	40106.666667	377.283420	0.165519	0.139766
174.502800	794.608114	40913.333333	377.283409	0.165519	0.138478
175.351150	794.608173	39786.666667	377.283381	0.165519	0.138478
175.001025	794.608250	41493.333333	377.283344	0.165519	0.138478
173.301776	794.608284	39133.333333	377.283328	0.165519	0.138478
173.951228	794.608302	40380.000000	377.283320	0.165519	0.137191
173.952510	794.608339	45140.000000	377.283302	0.165519	0.137191
176.078342	794.608373	39406.666667	377.283286	0.165519	0.137191
172.657888	794.608391	40866.666667	377.283278	0.165519	0.137191
174.743583	794.608465	41553.333333	377.283242	0.165519	0.137191
175.221540	794.608551	40380.000000	377.283202	0.165519	0.137191
175.116399	794.608662	40713.333333	377.283149	0.166806	0.138478
171.085465	794.608748	43933.333333	377.283108	0.165519	0.138478
173.889198	794.608836	44826.666667	377.283066	0.165519	0.137191
174.034719	794.608847	42186.666667	377.283061	0.165519	0.137191
175.811997	794.608871	41340.000000	377.283049	0.165519	0.137191
172.840494	794.608834	43493.333333	377.283067	0.165519	0.137191
172.653967	794.608801	44926.666667	377.283083	0.165519	0.137191
175.165228	794.608750	41913.333333	377.283107	0.165519	0.135903
174.168534	794.608673	40500.000000	377.283143	0.165519	0.135903
172.180130	794.608600	43873.333333	377.283178	0.165519	0.135903
172.843202	794.608489	41960.000000	377.283231	0.165519	0.135903
173.867245	794.608413	43526.666667	377.283267	0.165519	0.134615
173.533099	794.608378	40266.666667	377.283284	0.165519	0.134615
174.328614	794.608341	39546.666667	377.283301	0.165519	0.132040
174.461835	794.608316	40406.666667	377.283313	0.165519	0.130752
173.542386	794.608279	40093.333333	377.283331	0.165519	0.129465
175.713732	794.608211	39193.333333	377.283363	0.165519	0.126890
172.926893	794.608157	38406.666667	377.283389	0.166806	0.125602
172.928447	794.608118	39926.666667	377.283407	0.165519	0.123027
174.698916	794.608091	39793.333333	377.283420	0.165519	0.123027
173.507405	794.608068	41120.000000	377.283431	0.165519	0.123027
174.950203	794.608043	40566.666667	377.283443	0.165519	0.121739
174.750132	794.608033	40906.666667	377.283448	0.165519	0.120451
174.436760	794.607999	40940.000000	377.283463	0.166806	0.120451
175.788036	794.607974	41633.333333	377.283476	0.165519	0.117876
175.365053	794.607947	39880.000000	377.283488	0.165519	0.117876
175.282326	794.607903	40393.333333	377.283509	0.165519	0.117876
174.423899	794.607860	39020.000000	377.283530	0.165519	0.116588
171.766874	794.607812	39960.000000	377.283552	0.165519	0.116588
173.369556	794.607788	39160.000000	377.283564	0.165519	0.116588
173.305930	794.607712	40793.333333	377.283600	0.165519	0.116588
174.041235	794.607628	40493.333333	377.283640	0.165519	0.115301
172.175332	794.607568	41033.333333	377.283668	0.165519	0.116588
174.416629	794.607497	39626.666667	377.283702	0.165519	0.116588
175.544159	794.607455	40073.333333	377.283722	0.166806	0.116588
175.039231	794.607429	40433.333333	377.283734	0.165519	0.116588
175.622703	794.607393	39900.000000	377.283751	0.165519	0.116588
175.539938	794.607378	40240.000000	377.283758	0.165519	0.116588
175.770866	794.607354	41293.333333	377.283770	0.165519	0.117876
175.527534	794.607316	41593.333333	377.283788	0.165519	0.117876
175.458168	794.607281	42033.333333	377.283805	0.165519	0.117876
173.402076	794.607200	40246.666667	377.283843	0.165519	0.117876
174.675256	794.607168	41100.000000	377.283858	0.165519	0.117876
173.362858	794.607114	42473.333333	377.283884	0.165519	0.117876
173.784633	794.607099	40973.333333	377.283891	0.166806	0.117876
173.899182	794.607058	41553.333333	377.283910	0.165519	0.117876
174.421580	794.607028	40640.000000	377.283925	0.165519	0.119164
174.267488	794.607000	40053.333333	377.283938	0.165519	0.119164
173.633311	794.606972	38333.333333	377.283951	0.165519	0.119164
174.707792	794.606958	38886.666667	377.283958	0.165519	0.120451
174.269635	794.606927	38620.000000	377.283972	0.165519	0.119164
173.423407	794.606904	39673.333333	377.283983	0.165519	0.119164
174.868332	794.606865	38613.333333	377.284002	0.165519	0.120451
172.475091	794.606831	40833.333333	377.284018	0.165519	0.120451
171.169958	794.606748	34200.000000	377.284057	0.165519	0.120451
173.617300	794.606692	44566.666667	377.284084	0.165519	0.121739
175.672398	794.606525	35860.000000	377.284163	0.165519	0.121739
174.543155	794.606472	31993.333333	377.284189	0.165519	0.121739
174.727019	794.606451	32480.000000	377.284199	0.165519	0.121739
174.573310	794.606407	22806.666667	377.284219	0.165519	0.123027
175.391576	794.606353	29026.666667	377.284245	0.165519	0.123027
173.284264	794.606328	37613.333333	377.284257	0.165519	0.124314
175.985139	794.606276	38220.000000	377.284282	0.165519	0.126890
173.309016	794.606232	36866.666667	377.284302	0.165519	0.128177
176.305251	794.606193	40546.666667	377.284321	0.165519	0.129465
173.000180	794.606158	27473.333333	377.284338	0.165519	0.130752
171.962646	794.606131	35420.000000	377.284351	0.165519	0.133328
175.227511	794.606123	38486.666667	377.284354	0.165519	0.133328
174.767625	794.606085	40213.333333	377.284372	0.165519	0.134615
171.515038	794.606048	39733.333333	377.284390	0.165519	0.135903
174.079591	794.606022	42733.333333	377.284402	0.165519	0.137191
173.023102	794.605969	39220.000000	377.284427	0.165519	0.138478
175.207616	794.605952	36506.666667	377.284435	0.165519	0.138478
173.233385	794.605912	31060.000000	377.284454	0.165519	0.139766
173.579134	794.605878	28646.666667	377.284471	0.165519	0.139766
171.773389	794.605821	26300.000000	377.284497	0.165519	0.141054
174.021408	794.605792	32526.666667	377.284511	0.165519	0.138478
175.321697	794.605703	39513.333333	377.284553	0.165519	0.139766
173.807011	794.605582	42693.333333	377.284611	0.165519	0.139766
175.089830	794.605548	42166.666667	377.284627	0.165519	0.141054
173.154072	794.605520	41446.666667	377.284640	0.165519	0.141054
173.742672	794.605501	36600.000000	377.284650	0.165519	0.141054
173.194485	794.605476	34053.333333	377.284662	0.165519	0.141054
175.325772	794.605449	33406.666667	377.284674	0.165519	0.141054
175.122569	794.605427	34013.333333	377.284685	0.165519	0.141054
174.295768	794.605361	38560.000000	377.284716	0.165519	0.141054
174.664413	794.605340	42900.000000	377.284726	0.165519	0.139766
175.161675	794.605265	44280.000000	377.284762	0.165519	0.141054
175.373033	794.605228	45780.000000	377.284779	0.165519	0.139766
174.941519	794.605172	46513.333333	377.284806	0.165519	0.139766
174.612498	794.605139	41580.000000	377.284822	0.165519	0.138478
173.349430	794.605115	46093.333333	377.284833	0.164231	0.138478
175.111949	794.605085	46240.000000	377.284847	0.165519	0.139766
172.740060	794.605064	45980.000000	377.284857	0.165519	0.138478
174.224261	794.605004	46366.666667	377.284885	0.165519	0.138478
172.274234	794.604965	47846.666667	377.284904	0.165519	0.138478
173.339590	794.604893	42060.000000	377.284938	0.165519	0.138478
173.667523	794.604866	45006.666667	377.284951	0.165519	0.138478
173.905685	794.604818	47626.666667	377.284974	0.165519	0.138478
173.109232	794.604773	46813.333333	377.284995	0.165519	0.138478
173.273302	794.604660	47720.000000	377.285049	0.165519	0.137191
172.541528	794.604566	47546.666667	377.285093	0.165519	0.137191
171.851942	794.604544	48626.666667	377.285104	0.165519	0.137191
172.596059	794.604499	47526.666667	377.285125	0.165519	0.137191
173.357134	794.604473	47646.666667	377.285138	0.165519	0.137191
173.407724	794.604414	47453.333333	377.285166	0.165519	0.135903
174.490696	794.604345	46700.000000	377.285199	0.165519	0.137191
173.919137	794.604297	46500.000000	377.285221	0.165519	0.135903
175.054734	794.604253	42100.000000	377.285242	0.165519	0.137191
173.996578	794.604222	46693.333333	377.285257	0.165519	0.135903
173.739805	794.604179	43473.333333	377.285277	0.165519	0.135903
172.632626	794.604142	44293.333333	377.285295	0.165519	0.134615
174.241143	794.604099	44186.666667	377.285315	0.165519	0.134615
173.450102	794.604073	43066.666667	377.285328	0.165519	0.133328
173.244659	794.604038	43706.666667	377.285344	0.165519	0.130752
173.841342	794.604022	43373.333333	377.285352	0.165519	0.129465
173.810358	794.604042	41946.666667	377.285342	0.165519	0.128177
173.071438	794.604057	43026.666667	377.285335	0.165519	0.138478
170.722284	794.604078	42533.333333	377.285325	0.165519	0.137191
172.328377	794.604100	44660.000000	377.285315	0.165519	0.134615
174.278534	794.604129	41866.666667	377.285301	0.165519	0.133328
173.722934	794.604168	45480.000000	377.285283	0.165519	0.130752
172.198066	794.604207	46860.000000	377.285264	0.165519	0.130752
171.693141	794.604237	46573.333333	377.285250	0.165519	0.126890
173.972717	794.604293	41533.333333	377.285223	0.165519	0.125602
172.383014	794.604322	41653.333333	377.285210	0.165519	0.123027
172.080150	794.604397	41726.666667	377.285174	0.165519	0.123027
170.032374	794.604484	41820.000000	377.285133	0.165519	0.121739
169.684000	794.604540	46573.333333	377.285106	0.165519	0.120451
169.214535	794.604547	44573.333333	377.285103	0.165519	0.120451
170.803011	794.604627	41673.333333	377.285064	0.165519	0.117876
169.375875	794.604680	42766.666667	377.285039	0.165519	0.116588
172.237344	794.604782	47166.666667	377.284991	0.165519	0.116588
172.991338	794.604842	48060.000000	377.284962	0.165519	0.117876
173.075084	794.604873	47840.000000	377.284948	0.165519	0.116588
170.705800	794.604901	43846.666667	377.284935	0.165519	0.116588
172.057848	794.604936	47533.333333	377.284918	0.165519	0.115301
172.332104	794.604984	47133.333333	377.284895	0.165519	0.115301
171.852852	794.605027	42400.000000	377.284874	0.165519	0.116588
172.436852	794.605074	46066.666667	377.284852	0.165519	0.116588
169.708918	794.605097	46480.000000	377.284842	0.165519	0.116588
172.767461	794.605121	47373.333333	377.284830	0.165519	0.116588
173.902719	794.605149	45980.000000	377.284817	0.165519	0.116588
172.246704	794.605177	46286.666667	377.284803	0.165519	0.116588
173.625146	794.605221	46773.333333	377.284783	0.165519	0.117876
174.707795	794.605258	45526.666667	377.284765	0.165519	0.117876
173.607601	794.605330	43426.666667	377.284731	0.165519	0.117876
174.531744	794.605385	39726.666667	377.284705	0.165519	0.119164
173.328893	794.605446	33693.333333	377.284675	0.165519	0.119164
171.944918	794.605474	30900.000000	377.284663	0.165519	0.119164
174.673434	794.605485	33106.666667	377.284657	0.165519	0.119164
173.653840	794.605523	38880.000000	377.284639	0.165519	0.120451
173.983310	794.605532	40320.000000	377.284635	0.165519	0.120451
174.532586	794.605599	43820.000000	377.284603	0.165519	0.120451
175.420032	794.605675	43013.333333	377.284567	0.165519	0.120451
175.289019	794.605778	40633.333333	377.284518	0.165519	0.121739
174.216646	794.605833	35826.666667	377.284492	0.165519	0.121739
174.523488	794.605862	31686.666667	377.284478	0.165519	0.123027
176.362533	794.605878	27826.666667	377.284470	0.165519	0.123027
174.701375	794.605911	24886.666667	377.284455	0.165519	0.128177
173.746513	794.605924	27026.666667	377.284449	0.165519	0.130752
175.827135	794.605981	34266.666667	377.284422	0.165519	0.132040
175.639964	794.606028	41673.333333	377.284400	0.165519	0.133328
176.229175	794.606054	43113.333333	377.284387	0.165519	0.134615
175.109586	794.606087	44286.666667	377.284371	0.165519	0.137191
176.174180	794.606110	44240.000000	377.284360	0.165519	0.139766
176.033310	794.606132	44193.333333	377.284350	0.165519	0.138478
175.241857	794.606159	45373.333333	377.284337	0.165519	0.139766
175.195667	794.606189	44300.000000	377.284323	0.165519	0.139766
175.230132	794.606232	43966.666667	377.284302	0.165519	0.141054
174.495000	794.606260	42113.333333	377.284289	0.165519	0.139766
173.297634	794.606321	36786.666667	377.284260	0.165519	0.139766
174.031969	794.606394	26973.333333	377.284225	0.165519	0.141054
172.385444	794.606417	19653.333333	377.284215	0.165519	0.141054
173.603783	794.606466	22213.333333	377.284192	0.165519	0.141054
174.265648	794.606508	28813.333333	377.284171	0.165519	0.141054
173.700798	794.606662	42273.333333	377.284098	0.165519	0.141054
175.115133	794.606724	45853.333333	377.284069	0.165519	0.139766
174.125307	794.606794	48086.666667	377.284036	0.165519	0.139766
174.676501	794.606851	47873.333333	377.284009	0.165519	0.141054
174.269248	794.606886	47966.666667	377.283992	0.165519	0.141054
173.078605	794.606911	48546.666667	377.283980	0.165519	0.139766
175.579584	794.606937	47833.333333	377.283968	0.165519	0.139766
174.570334	794.606958	47340.000000	377.283958	0.165519	0.139766
174.767301	794.606974	47360.000000	377.283950	0.165519	0.139766
175.754331	794.607011	47506.666667	377.283933	0.165519	0.139766
174.862741	794.607039	48193.333333	377.283919	0.165519	0.138478
175.640534	794.607063	47913.333333	377.283908	0.165519	0.139766
174.597844	794.607095	46606.666667	377.283893	0.165519	0.138478
174.078069	794.607115	48540.000000	377.283883	0.165519	0.138478
174.326200	794.607159	47873.333333	377.283862	0.165519	0.138478
174.840351	794.607183	49153.333333	377.283851	0.165519	0.139766
175.264904	794.607263	48513.333333	377.283813	0.165519	0.138478
174.249965	794.607312	49066.666667	377.283790	0.165519	0.138478
173.919707	794.607351	49240.000000	377.283771	0.165519	0.138478
174.614285	794.607378	49506.666667	377.283759	0.165519	0.138478
174.927644	794.607398	49753.333333	377.283749	0.165519	0.138478
174.848609	794.607427	49113.333333	377.283735	0.165519	0.137191
175.326556	794.607453	48733.333333	377.283723	0.165519	0.137191
176.496629	794.607503	49860.000000	377.283699	0.165519	0.137191
175.281130	794.607563	50693.333333	377.283671	0.165519	0.137191
172.835597	794.607694	49720.000000	377.283608	0.165519	0.137191
172.693167	794.607742	50280.000000	377.283585	0.165519	0.137191
173.524385	794.607804	50286.666667	377.283556	0.165519	0.137191
172.055903	794.607841	50266.666667	377.283539	0.165519	0.137191
173.151212	794.607882	48840.000000	377.283519	0.165519	0.135903
172.260004	794.607908	48673.333333	377.283506	0.165519	0.135903
172.639409	794.607945	50000.000000	377.283489	0.165519	0.135903
172.842294	794.607963	49726.666667	377.283481	0.165519	0.134615
172.720584	794.607989	49646.666667	377.283468	0.165519	0.134615
173.766978	794.608023	49140.000000	377.283452	0.165519	0.133328
174.593289	794.608036	48480.000000	377.283446	0.165519	0.133328
174.136068	794.608043	49106.666667	377.283443	0.165519	0.129465
175.248108	794.608081	49540.000000	377.283425	0.165519	0.126890
175.466556	794.608117	48480.000000	377.283408	0.165519	0.125602
176.213294	794.608192	48086.666667	377.283372	0.165519	0.123027
175.575555	794.608270	48093.333333	377.283335	0.165519	0.123027
176.478468	794.608317	47606.666667	377.283312	0.165519	0.119164
174.510214	794.608364	47300.000000	377.283290	0.165519	0.119164
173.409252	794.608447	48060.000000	377.283251	0.165519	0.119164
171.496305	794.608527	47726.666667	377.283213	0.165519	0.117876
170.688659	794.608573	47806.666667	377.283191	0.165519	0.116588
171.460172	794.608639	47853.333333	377.283160	0.165519	0.116588
172.051794	794.608713	48293.333333	377.283125	0.165519	0.116588
171.311352	794.608763	49200.000000	377.283101	0.165519	0.116588
171.386997	794.608809	48166.666667	377.283079	0.165519	0.116588
172.149913	794.608839	48413.333333	377.283065	0.165519	0.115301
171.974521	794.608807	47200.000000	377.283080	0.165519	0.115301
172.223051	794.608778	48286.666667	377.283094	0.165519	0.115301
171.702329	794.608719	48100.000000	377.283122	0.165519	0.115301
172.953761	794.608682	48786.666667	377.283139	0.165519	0.116588
172.541878	794.608610	48020.000000	377.283173	0.165519	0.116588
172.691232	794.608587	48413.333333	377.283184	0.165519	0.116588
172.529622	794.608476	48980.000000	377.283237	0.165519	0.117876
173.450671	794.608360	48853.333333	377.283292	0.165519	0.116588
171.482477	794.608328	49120.000000	377.283307	0.165519	0.117876
173.355474	794.608299	48986.666667	377.283321	0.165519	0.116588
174.986275	794.608248	49593.333333	377.283345	0.165519	0.116588
174.440398	794.608155	49400.000000	377.283390	0.165519	0.116588
174.615182	794.608115	49153.333333	377.283408	0.165519	0.116588
176.202191	794.608082	49933.333333	377.283424	0.165519	0.117876
175.095043	794.608057	48886.666667	377.283436	0.165519	0.116588
174.557753	794.608033	48780.000000	377.283447	0.165519	0.117876
175.693474	794.608014	49006.666667	377.283456	0.165519	0.117876
175.082221	794.607996	49240.000000	377.283465	0.165519	0.117876
175.776639	794.607962	49920.000000	377.283481	0.165519	0.117876
175.034227	794.607939	48386.666667	377.283492	0.165519	0.117876
174.550760	794.607902	48053.333333	377.283510	0.165519	0.117876
175.967746	794.607875	49260.000000	377.283522	0.165519	0.119164
174.158783	794.607821	48660.000000	377.283548	0.165519	0.117876
175.167988	794.607793	48953.333333	377.283561	0.165519	0.119164
175.177771	794.607771	49046.666667	377.283572	0.165519	0.119164
176.444306	794.607742	49113.333333	377.283585	0.165519	0.119164
174.275798	794.607687	49240.000000	377.283612	0.165519	0.117876
174.552369	794.607595	49113.333333	377.283655	0.165519	0.119164
175.216190	794.607508	49260.000000	377.283697	0.165519	0.119164
175.578143	794.607459	48180.000000	377.283720	0.165519	0.119164
176.565881	794.607428	48666.666667	377.283735	0.165519	0.119164
175.008648	794.607404	48900.000000	377.283746	0.165519	0.119164
173.654045	794.607361	49720.000000	377.283766	0.165519	0.119164
175.398915	794.607301	48966.666667	377.283795	0.165519	0.120451
175.466262	794.607218	49340.000000	377.283834	0.165519	0.120451
172.132132	794.607138	49913.333333	377.283872	0.165519	0.120451
173.257087	794.607104	48793.333333	377.283888	0.165519	0.120451
172.334509	794.607076	48493.333333	377.283902	0.165519	0.120451
172.206323	794.607047	48813.333333	377.283916	0.165519	0.120451
171.991026	794.607026	49100.000000	377.283926	0.165519	0.120451
173.208553	794.607010	50440.000000	377.283933	0.165519	0.120451
173.649166	794.606985	49446.666667	377.283945	0.165519	0.120451
172.457548	794.606966	49966.666667	377.283954	0.165519	0.120451
173.678857	794.606948	49293.333333	377.283962	0.165519	0.120451
173.912824	794.606923	49720.000000	377.283975	0.165519	0.120451
171.715687	794.606901	49013.333333	377.283985	0.165519	0.120451
173.770830	794.606867	49906.666667	377.284001	0.165519	0.120451
173.668952	794.606848	49500.000000	377.284010	0.165519	0.120451
172.706065	794.606789	48073.333333	377.284038	0.165519	0.121739
173.497677	794.606751	48833.333333	377.284056	0.165519	0.120451
172.598688	794.606671	47746.666667	377.284094	0.165519	0.121739
175.338068	794.606552	43033.333333	377.284151	0.165519	0.121739
173.828118	794.606471	36100.000000	377.284189	0.165519	0.121739
174.665408	794.606454	29206.666667	377.284197	0.165519	0.121739
175.119512	794.606412	23506.666667	377.284217	0.165519	0.120451
174.326132	794.606317	26966.666667	377.284262	0.165519	0.121739
172.753285	794.606240	39500.000000	377.284299	0.164231	0.124314
173.281640	794.606196	42186.666667	377.284320	0.165519	0.124314
174.371383	794.606185	44633.333333	377.284325	0.165519	0.126890
175.586771	794.606147	44860.000000	377.284343	0.165519	0.128177
174.805205	794.606120	45693.333333	377.284356	0.165519	0.128177
176.212378	794.606077	45346.666667	377.284376	0.165519	0.128177
175.516686	794.606035	44686.666667	377.284396	0.165519	0.130752
174.027720	794.606014	44493.333333	377.284406	0.165519	0.130752
174.589786	794.605985	42480.000000	377.284420	0.165519	0.130752
172.893691	794.605953	38186.666667	377.284435	0.165519	0.132040
173.113747	794.605914	31346.666667	377.284453	0.165519	0.132040
174.392351	794.605894	25660.000000	377.284463	0.165519	0.132040
173.651461	794.605869	25040.000000	377.284475	0.165519	0.133328
175.289988	794.605859	27686.666667	377.284480	0.165519	0.134615
173.093031	794.605825	31513.333333	377.284496	0.165519	0.134615
172.869014	794.605720	39406.666667	377.284546	0.165519	0.135903
173.080459	794.605668	45246.666667	377.284570	0.165519	0.135903
175.191991	794.605605	46073.333333	377.284600	0.165519	0.137191
175.512237	794.605570	46500.000000	377.284617	0.165519	0.138478
174.880888	794.605531	45306.666667	377.284635	0.165519	0.138478
175.696614	794.605501	40480.000000	377.284650	0.165519	0.138478
172.388364	794.605483	38226.666667	377.284658	0.165519	0.139766
176.059639	794.605414	32066.666667	377.284691	0.165519	0.139766
175.077309	794.605385	37366.666667	377.284705	0.165519	0.139766
175.249039	794.605325	44613.333333	377.284733	0.165519	0.139766
174.816594	794.605269	47160.000000	377.284760	0.165519	0.139766
172.623324	794.605212	47640.000000	377.284787	0.165519	0.141054
174.725957	794.605176	48273.333333	377.284804	0.164231	0.139766
175.096633	794.605149	49040.000000	377.284817	0.165519	0.141054
173.911213	794.605127	47700.000000	377.284827	0.165519	0.139766
174.545146	794.605099	48780.000000	377.284840	0.165519	0.139766
174.055927	794.605053	48720.000000	377.284862	0.165519	0.141054
173.026908	794.605004	49066.666667	377.284886	0.165519	0.139766
171.376268	794.604950	48986.666667	377.284911	0.165519	0.139766
171.922401	794.604928	48053.333333	377.284922	0.165519	0.139766
173.819168	794.604889	47446.666667	377.284940	0.165519	0.139766
174.877527	794.604859	49233.333333	377.284955	0.165519	0.139766
175.276113	794.604809	48506.666667	377.284978	0.165519	0.139766
173.694349	794.604756	48460.000000	377.285003	0.165519	0.139766
172.812104	794.604690	48720.000000	377.285034	0.165519	0.139766
171.777103	794.604612	47626.666667	377.285071	0.165519	0.139766
173.945872	794.604577	48340.000000	377.285088	0.165519	0.139766
173.787686	794.604546	49273.333333	377.285103	0.165519	0.138478
174.021911	794.604503	48660.000000	377.285123	0.165519	0.138478
173.285073	794.604391	49533.333333	377.285177	0.165519	0.138478
173.711736	794.604330	49580.000000	377.285206	0.165519	0.138478
174.318790	794.604265	48393.333333	377.285236	0.165519	0.138478
172.245135	794.604220	48413.333333	377.285258	0.165519	0.138478
172.399414	794.604172	48013.333333	377.285281	0.165519	0.138478
173.224557	794.604135	48206.666667	377.285298	0.165519	0.137191
171.500050	794.604103	48733.333333	377.285313	0.165519	0.137191
171.393832	794.604062	48946.666667	377.285333	0.165519	0.137191
170.932205	794.604038	48913.333333	377.285344	0.165519	0.137191
171.062618	794.604004	49206.666667	377.285360	0.165519	0.137191
169.951422	794.603986	48406.666667	377.285369	0.164231	0.137191
172.020112	794.604009	49373.333333	377.285358	0.165519	0.137191
170.907312	794.604049	48433.333333	377.285339	0.165519	0.137191
170.032755	794.604063	48080.000000	377.285332	0.165519	0.137191
173.550225	794.604105	47353.333333	377.285312	0.165519	0.137191
173.194174	794.604128	48580.000000	377.285302	0.165519	0.135903
173.436003	794.604160	47573.333333	377.285286	0.165519	0.135903
171.275724	794.604191	46900.000000	377.285271	0.165519	0.135903
172.978121	794.604217	47880.000000	377.285259	0.165519	0.135903
170.960922	794.604255	47946.666667	377.285241	0.165519	0.134615
171.127944	794.604287	46940.000000	377.285226	0.165519	0.132040
170.453237	794.604357	46666.666667	377.285193	0.165519	0.130752
170.772228	794.604417	46773.333333	377.285164	0.164231	0.130752
171.189938	794.604487	46820.000000	377.285131	0.165519	0.138478
170.548025	794.604520	47080.000000	377.285115	0.165519	0.137191
169.288011	794.604562	46720.000000	377.285096	0.165519	0.135903
168.933207	794.604647	47346.666667	377.285055	0.165519	0.132040
170.758699	794.604705	46866.666667	377.285028	0.164231	0.135903
172.789553	794.604793	47940.000000	377.284986	0.165519	0.134615
175.096779	794.604839	46933.333333	377.284964	0.165519	0.132040
174.448199	794.604869	48653.333333	377.284950	0.165519	0.130752
174.984688	794.604900	48420.000000	377.284935	0.165519	0.130752
174.062599	794.604933	47753.333333	377.284919	0.165519	0.128177
174.979383	794.604968	47706.666667	377.284903	0.165519	0.126890
173.988648	794.605016	47920.000000	377.284880	0.165519	0.125602
174.693964	794.605069	48373.333333	377.284855	0.165519	0.125602
175.497799	794.605103	47880.000000	377.284838	0.165519	0.125602
175.500171	794.605134	47706.666667	377.284824	0.165519	0.121739
174.928367	794.605145	49433.333333	377.284819	0.165519	0.123027
175.014388	794.605190	48006.666667	377.284797	0.165519	0.120451
173.911186	794.605211	46926.666667	377.284787	0.165519	0.121739
174.563303	794.605262	46106.666667	377.284763	0.165519	0.121739
174.349248	794.605335	44300.000000	377.284728	0.165519	0.120451
172.987781	794.605369	38766.666667	377.284712	0.165519	0.119164
173.805938	794.605445	34726.666667	377.284676	0.165519	0.119164
174.708213	794.605481	40193.333333	377.284659	0.165519	0.119164
174.451698	794.605490	43333.333333	377.284655	0.165519	0.117876
174.368478	794.605509	45466.666667	377.284646	0.165519	0.117876
175.074975	794.605537	46373.333333	377.284632	0.165519	0.116588
174.896521	794.605598	44320.000000	377.284604	0.165519	0.116588
175.365963	794.605682	41006.666667	377.284564	0.165519	0.116588
176.062843	794.605769	32753.333333	377.284522	0.165519	0.116588
174.646739	794.605809	26753.333333	377.284503	0.165519	0.116588
175.439737	794.605844	27046.666667	377.284487	0.164231	0.116588
175.690601	794.605870	32193.333333	377.284474	0.165519	0.116588
174.434983	794.605915	36300.000000	377.284453	0.165519	0.116588
175.631705	794.605934	39913.333333	377.284444	0.165519	0.116588
174.319558	794.605973	43133.333333	377.284426	0.165519	0.116588
172.577740	794.605999	44220.000000	377.284413	0.165519	0.115301
171.583240	794.606019	44820.000000	377.284404	0.164231	0.116588
172.102343	794.606061	44626.666667	377.284384	0.164231	0.116588
174.920420	794.606090	44973.333333	377.284370	0.165519	0.116588
171.282938	794.606114	45833.333333	377.284359	0.165519	0.116588
174.338998	794.606144	45246.666667	377.284344	0.165519	0.117876
176.615991	794.606195	43860.000000	377.284320	0.165519	0.117876
176.555531	794.606242	43853.333333	377.284298	0.165519	0.116588
174.869127	794.606260	40240.000000	377.284289	0.164231	0.116588
173.048328	794.606310	36066.666667	377.284265	0.165519	0.116588
175.265509	794.606374	25733.333333	377.284235	0.165519	0.116588
175.024167	794.606421	23246.666667	377.284213	0.165519	0.117876
172.602364	794.606467	32646.666667	377.284191	0.165519	0.117876
173.446019	794.606529	39846.666667	377.284162	0.165519	0.117876
173.557646	794.606638	44733.333333	377.284110	0.165519	0.117876
171.740471	794.606758	48246.666667	377.284053	0.165519	0.117876
173.604295	794.606812	48280.000000	377.284027	0.165519	0.119164
174.919632	794.606829	48560.000000	377.284019	0.165519	0.119164
173.224247	794.606873	48906.666667	377.283998	0.165519	0.119164
173.913416	794.606897	49673.333333	377.283987	0.165519	0.119164
173.406587	794.606931	49866.666667	377.283971	0.165519	0.119164
173.179518	794.606963	49186.666667	377.283956	0.165519	0.119164
172.882437	794.606989	48153.333333	377.283943	0.165519	0.119164
172.318161	794.607024	49593.333333	377.283926	0.165519	0.119164
172.041776	794.607046	47853.333333	377.283916	0.165519	0.119164
172.853051	794.607084	48600.000000	377.283898	0.165519	0.119164
173.742113	794.607108	48440.000000	377.283887	0.165519	0.120451
174.284443	794.607135	48653.333333	377.283874	0.165519	0.120451
174.090754	794.607147	48273.333333	377.283868	0.165519	0.120451
173.628472	794.607197	47873.333333	377.283844	0.165519	0.120451
174.493258	794.607261	48286.666667	377.283814	0.165519	0.120451
173.211029	794.607340	47433.333333	377.283776	0.165519	0.121739
174.652695	794.607378	47213.333333	377.283758	0.165519	0.120451
173.978479	794.607384	47740.000000	377.283756	0.165519	0.121739
174.415496	794.607407	48373.333333	377.283744	0.165519	0.121739
172.718213	794.607439	47380.000000	377.283729	0.165519	0.123027
175.421849	794.607474	48166.666667	377.283713	0.165519	0.124314
173.463538	794.607600	48226.666667	377.283653	0.165519	0.125602
173.830756	794.607670	48093.333333	377.283620	0.164231	0.128177
174.137869	794.607735	49253.333333	377.283589	0.165519	0.128177
172.851156	794.607760	48780.000000	377.283577	0.165519	0.132040
173.156887	794.607810	48226.666667	377.283553	0.165519	0.130752
174.024253	794.607847	48526.666667	377.283536	0.165519	0.133328
173.373308	794.607886	48153.333333	377.283517	0.165519	0.134615
174.357974	794.607919	49006.666667	377.283501	0.165519	0.134615
172.930226	794.607938	48793.333333	377.283492	0.165519	0.135903
175.523445	794.607966	48626.666667	377.283479	0.165519	0.135903
173.520911	794.607981	48806.666667	377.283472	0.165519	0.135903
172.148695	794.608014	48793.333333	377.283456	0.165519	0.137191
172.523943	794.608027	48666.666667	377.283450	0.165519	0.138478
172.952807	794.608064	49880.000000	377.283432	0.165519	0.138478
172.223994	794.608114	48553.333333	377.283409	0.165519	0.139766
171.476914	794.608151	48340.000000	377.283392	0.165519	0.138478
174.726931	794.608206	48900.000000	377.283365	0.165519	0.139766
172.994287	794.608277	48533.333333	377.283332	0.165519	0.138478
171.424782	794.608332	48293.333333	377.283305	0.165519	0.139766
170.779672	794.608385	48320.000000	377.283280	0.165519	0.139766
171.873079	794.608460	48273.333333	377.283244	0.165519	0.141054
172.726949	794.608560	47920.000000	377.283197	0.165519	0.139766
171.633652	794.608648	47700.000000	377.283156	0.165519	0.139766
172.791719	794.608697	47720.000000	377.283132	0.165519	0.141054
173.031148	794.608734	47386.666667	377.283114	0.165519	0.139766
173.855616	794.608778	47166.666667	377.283094	0.165519	0.139766
175.179850	794.608813	47573.333333	377.283077	0.165519	0.141054
174.828168	794.608802	48020.000000	377.283082	0.165519	0.141054
173.721995	794.608768	47473.333333	377.283098	0.165519	0.139766
175.155068	794.608730	47033.333333	377.283116	0.165519	0.139766
173.585950	794.608707	47413.333333	377.283127	0.165519	0.139766
174.660435	794.608663	48573.333333	377.283148	0.165519	0.139766
175.261128	794.608642	47926.666667	377.283158	0.165519	0.139766
175.709073	794.608523	48320.000000	377.283215	0.165519	0.138478
174.180985	794.608375	49106.666667	377.283285	0.165519	0.139766
172.524658	794.608347	48900.000000	377.283298	0.165519	0.138478
171.553565	794.608273	49340.000000	377.283333	0.165519	0.138478
171.969415	794.608209	49053.333333	377.283364	0.165519	0.139766
172.118323	794.608126	48526.666667	377.283403	0.165519	0.138478
173.321062	794.608089	49460.000000	377.283421	0.164231	0.138478
172.422768	794.608049	50433.333333	377.283440	0.165519	0.138478
173.872234	794.608034	49940.000000	377.283447	0.165519	0.137191
173.101740	794.608009	50126.666667	377.283459	0.165519	0.138478
172.331178	794.607972	49713.333333	377.283476	0.165519	0.138478
172.136074	794.607960	49380.000000	377.283482	0.165519	0.138478
171.229295	794.607932	50086.666667	377.283495	0.165519	0.139766
171.121978	794.607912	50553.333333	377.283505	0.165519	0.139766
172.307866	794.607869	50606.666667	377.283525	0.165519	0.138478
171.758972	794.607846	51300.000000	377.283536	0.165519	0.138478
172.709424	794.607811	51246.666667	377.283553	0.165519	0.138478
173.126143	794.607783	50820.000000	377.283566	0.165519	0.137191
172.940886	794.607757	51200.000000	377.283578	0.165519	0.138478
174.516165	794.607701	51186.666667	377.283605	0.165519	0.138478
174.863559	794.607687	49606.666667	377.283611	0.164231	0.138478
171.707693	794.607604	49720.000000	377.283651	0.165519	0.137191
173.798058	794.607534	48820.000000	377.283685	0.165519	0.137191
171.460324	794.607435	49726.666667	377.283731	0.165519	0.137191
170.862969	794.607385	50160.000000	377.283755	0.164231	0.137191
172.069381	794.607368	49466.666667	377.283763	0.165519	0.137191
172.922885	794.607335	49306.666667	377.283779	0.165519	0.137191
172.998191	794.607293	49293.333333	377.283799	0.165519	0.135903
173.962866	794.607216	49273.333333	377.283835	0.165519	0.135903
175.492690	794.607173	49460.000000	377.283856	0.165519	0.135903
174.847623	794.607128	48020.000000	377.283877	0.165519	0.135903
176.060767	794.607111	48280.000000	377.283885	0.165519	0.135903
175.441824	794.607072	48166.666667	377.283904	0.165519	0.134615
174.224569	794.607042	49426.666667	377.283918	0.165519	0.134615
175.209091	794.607017	49066.666667	377.283930	0.165519	0.133328
175.419983	794.606986	48113.333333	377.283945	0.165519	0.130752
176.113491	794.606973	48633.333333	377.283951	0.164231	0.129465
174.538901	794.606952	48833.333333	377.283961	0.165519	0.128177
176.223677	794.606932	49266.666667	377.283970	0.165519	0.128177
175.754958	794.606889	48340.000000	377.283991	0.165519	0.126890
175.482381	794.606841	48106.666667	377.284013	0.165519	0.125602
175.845783	794.606820	48853.333333	377.284024	0.164231	0.124314
175.914631	794.606782	48340.000000	377.284041	0.165519	0.123027
175.503665	794.606756	47946.666667	377.284054	0.164231	0.123027
175.893659	794.606685	47606.666667	377.284088	0.165519	0.120451
173.649723	794.606652	46153.333333	377.284103	0.164231	0.119164
174.340426	794.606496	37753.333333	377.284177	0.164231	0.120451
174.669028	794.606422	23486.666667	377.284212	0.164231	0.117876
174.748260	794.606391	20900.000000	377.284227	0.165519	0.116588
174.557402	794.606353	25886.666667	377.284245	0.165519	0.117876
174.660112	794.606319	34013.333333	377.284261	0.164231	0.117876
175.377610	794.606281	38866.666667	377.284279	0.164231	0.116588
175.222043	794.606239	43406.666667	377.284299	0.165519	0.116588
175.871781	794.606187	45420.000000	377.284324	0.165519	0.116588
173.565070	794.606142	45753.333333	377.284345	0.165519	0.116588
174.600094	794.606116	46033.333333	377.284358	0.165519	0.116588
173.264866	794.606070	45500.000000	377.284379	0.165519	0.116588
175.366176	794.606041	43773.333333	377.284393	0.165519	0.115301
174.966010	794.605997	43833.333333	377.284414	0.164231	0.115301
171.551426	794.605962	42233.333333	377.284431	0.165519	0.115301
173.002816	794.605919	36573.333333	377.284451	0.165519	0.116588
174.164973	794.605891	31080.000000	377.284464	0.165519	0.115301
173.196667	794.605855	25126.666667	377.284482	0.165519	0.116588
172.070015	794.605820	24966.666667	377.284498	0.165519	0.116588
173.900308	794.605789	31206.666667	377.284513	0.165519	0.117876
174.812680	794.605742	38780.000000	377.284535	0.165519	0.116588
173.848508	794.605622	42093.333333	377.284592	0.165519	0.116588
172.342553	794.605530	45246.666667	377.284636	0.164231	0.117876
173.180488	794.605509	44000.000000	377.284646	0.165519	0.116588
170.640651	794.605483	39813.333333	377.284658	0.165519	0.117876
170.444104	794.605464	33146.666667	377.284667	0.164231	0.117876
170.936432	794.605436	29473.333333	377.284680	0.165519	0.117876
169.995043	794.605404	37486.666667	377.284696	0.165519	0.117876
172.805133	794.605367	42233.333333	377.284713	0.165519	0.117876
173.055792	794.605317	45926.666667	377.284737	0.165519	0.117876
174.595077	794.605260	47266.666667	377.284764	0.165519	0.117876
172.414077	794.605229	47580.000000	377.284779	0.165519	0.119164
173.897863	794.605212	46546.666667	377.284787	0.165519	0.119164
174.235077	794.605175	48253.333333	377.284804	0.165519	0.119164
171.607163	794.605140	48106.666667	377.284821	0.164231	0.119164
173.797434	794.605118	48400.000000	377.284832	0.164231	0.119164
175.490317	794.605065	49980.000000	377.284857	0.164231	0.119164
173.104988	794.605027	48540.000000	377.284875	0.165519	0.119164
174.400258	794.604968	49146.666667	377.284903	0.165519	0.119164
175.060189	794.604927	49386.666667	377.284922	0.165519	0.120451
173.735106	794.604871	48593.333333	377.284949	0.165519	0.120451
174.432386	794.604854	49460.000000	377.284957	0.164231	0.120451
173.649382	794.604811	48513.333333	377.284977	0.164231	0.120451
173.519158	794.604747	48746.666667	377.285008	0.165519	0.120451
173.112621	794.604687	48120.000000	377.285036	0.165519	0.120451
170.418441	794.604625	47480.000000	377.285065	0.164231	0.121739
172.296301	794.604562	48393.333333	377.285095	0.165519	0.120451
171.438903	794.604506	48966.666667	377.285122	0.165519	0.121739
171.079247	794.604502	47606.666667	377.285124	0.165519	0.121739
170.867955	794.604467	47313.333333	377.285141	0.165519	0.121739
171.116168	794.604304	48533.333333	377.285218	0.165519	0.121739
171.896236	794.604260	47980.000000	377.285239	0.164231	0.121739
170.773142	794.604166	48093.333333	377.285284	0.164231	0.123027
169.791230	794.604157	47006.666667	377.285288	0.164231	0.124314
175.083887	794.604129	48453.333333	377.285301	0.164231	0.125602
173.398751	794.604113	47740.000000	377.285309	0.165519	0.126890
172.393355	794.604072	48346.666667	377.285328	0.165519	0.126890
173.809667	794.604053	47580.000000	377.285337	0.165519	0.126890
174.632004	794.604009	47966.666667	377.285358	0.165519	0.130752
172.878173	794.603968	48573.333333	377.285378	0.164231	0.129465
174.394238	794.603966	48906.666667	377.285378	0.165519	0.130752
172.933811	794.603994	47740.000000	377.285365	0.165519	0.130752
174.039884	794.604015	48606.666667	377.285355	0.165519	0.132040
173.095534	794.604056	48906.666667	377.285336	0.165519	0.133328
171.272819	794.604080	49000.000000	377.285324	0.165519	0.133328
174.074177	794.604141	48926.666667	377.285296	0.165519	0.133328
174.158662	794.604193	49333.333333	377.285271	0.164231	0.133328
171.656075	794.604210	48440.000000	377.285262	0.165519	0.134615
173.532210	794.604266	47873.333333	377.285236	0.165519	0.135903
174.528827	794.604290	49333.333333	377.285224	0.164231	0.135903
170.428143	794.604326	48173.333333	377.285207	0.165519	0.138478
171.589617	794.604369	49540.000000	377.285187	0.164231	0.135903
172.108319	794.604451	48586.666667	377.285148	0.165519	0.137191
171.857399	794.604490	48286.666667	377.285129	0.165519	0.137191
169.062275	794.604520	48806.666667	377.285115	0.165519	0.137191
169.731614	794.604581	48320.000000	377.285086	0.165519	0.137191
172.357521	794.604632	47693.333333	377.285062	0.165519	0.138478
169.436027	794.604769	47766.666667	377.284997	0.165519	0.138478
172.094718	794.604803	47533.333333	377.284981	0.165519	0.138478
170.114709	794.604849	47753.333333	377.284959	0.165519	0.138478
171.798962	794.604887	47726.666667	377.284941	0.165519	0.139766
171.009773	794.604933	48513.333333	377.284919	0.164231	0.139766
171.170009	794.604980	48186.666667	377.284897	0.165519	0.138478
172.287760	794.605003	47773.333333	377.284886	0.164231	0.133328
171.588939	794.605037	47413.333333	377.284870	0.165519	0.135903
170.657763	794.605068	46433.333333	377.284855	0.165519	0.135903
170.939630	794.605098	47566.666667	377.284841	0.164231	0.137191
170.461484	794.605127	47220.000000	377.284827	0.165519	0.138478
171.412799	794.605160	47466.666667	377.284812	0.165519	0.138478
173.039258	794.605206	47813.333333	377.284790	0.165519	0.138478
175.470732	794.605257	48293.333333	377.284765	0.165519	0.138478
174.909287	794.605303	46573.333333	377.284744	0.164231	0.138478
172.939761	794.605329	44660.000000	377.284731	0.165519	0.139766
174.657541	794.605400	41613.333333	377.284697	0.165519	0.138478
176.078741	794.605444	35053.333333	377.284677	0.165519	0.139766
175.289543	794.605484	34180.000000	377.284658	0.165519	0.139766
173.926093	794.605514	40880.000000	377.284643	0.165519	0.139766
173.784580	794.605549	44240.000000	377.284627	0.165519	0.139766
175.504951	794.605582	46480.000000	377.284611	0.165519	0.139766
175.611551	794.605633	45573.333333	377.284587	0.165519	0.139766
174.698359	794.605740	43766.666667	377.284536	0.165519	0.141054
175.547966	794.605778	40300.000000	377.284518	0.165519	0.139766
170.945955	794.605801	38153.333333	377.284507	0.165519	0.139766
173.304222	794.605828	31846.666667	377.284494	0.165519	0.141054
171.775989	794.605849	26260.000000	377.284484	0.164231	0.139766
171.031607	794.605871	24880.000000	377.284474	0.165519	0.139766
171.880731	794.605899	28273.333333	377.284461	0.165519	0.139766
173.757524	794.605925	36506.666667	377.284448	0.165519	0.139766
172.168381	794.605950	40953.333333	377.284437	0.164231	0.138478
172.378414	794.605986	43553.333333	377.284419	0.165519	0.139766
172.218303	794.606001	45193.333333	377.284412	0.165519	0.139766
172.049184	794.606049	44166.666667	377.284390	0.164231	0.138478
171.722973	794.606073	45013.333333	377.284378	0.165519	0.139766
171.775579	794.606117	45753.333333	377.284357	0.165519	0.139766
171.508039	794.606161	45153.333333	377.284336	0.164231	0.139766
172.321056	794.606176	44186.666667	377.284329	0.164231	0.138478
175.153938	794.606250	40646.666667	377.284294	0.165519	0.138478
172.331223	794.606334	28273.333333	377.284254	0.165519	0.138478
170.567879	794.606397	20806.666667	377.284224	0.165519	0.138478
171.272137	794.606438	26366.666667	377.284205	0.165519	0.138478
172.671546	794.606465	33033.333333	377.284192	0.165519	0.138478
171.733025	794.606575	41660.000000	377.284140	0.164231	0.138478
171.142587	794.606686	45440.000000	377.284087	0.165519	0.138478
170.899521	794.606755	47713.333333	377.284054	0.165519	0.138478
171.954478	794.606814	47506.666667	377.284026	0.165519	0.137191
174.482405	794.606846	48426.666667	377.284011	0.165519	0.137191
171.486248	794.606873	48320.000000	377.283998	0.165519	0.137191
175.479789	794.606915	48453.333333	377.283978	0.165519	0.137191
172.494463	794.606932	48213.333333	377.283970	0.165519	0.137191
175.241108	794.606976	48906.666667	377.283949	0.165519	0.137191
170.996372	794.606984	48473.333333	377.283945	0.165519	0.137191
173.008253	794.607007	48646.666667	377.283935	0.164231	0.137191
176.135634	794.607027	48533.333333	377.283925	0.165519	0.135903
176.687748	794.607042	49100.000000	377.283918	0.165519	0.135903
175.967416	794.607079	49026.666667	377.283900	0.165519	0.135903
175.298128	794.607103	49086.666667	377.283889	0.164231	0.135903
176.866006	794.607156	49433.333333	377.283864	0.165519	0.135903
174.884290	794.607208	49493.333333	377.283839	0.164231	0.135903
176.536693	794.607236	49286.666667	377.283826	0.165519	0.134615
174.407973	794.607326	49953.333333	377.283783	0.165519	0.134615
176.416372	794.607361	49413.333333	377.283767	0.165519	0.133328
177.153809	794.607412	48680.000000	377.283742	0.165519	0.128177
175.971494	794.607429	50446.666667	377.283734	0.165519	0.129465
175.959357	794.607472	49660.000000	377.283714	0.165519	0.129465
175.513479	794.607536	48726.666667	377.283683	0.165519	0.126890
174.664468	794.607650	49080.000000	377.283629	0.165519	0.124314
175.567870	794.607723	49720.000000	377.283594	0.164231	0.124314
