107.572129	822.469510	0.000000	364.502823	0.162943	0.072809
106.235155	822.469535	6346.666667	364.502812	0.162943	0.124314
107.113041	822.469568	5080.000000	364.502797	0.162943	0.129465
106.785470	822.469590	4546.666667	364.502787	0.162943	0.132040
104.333805	822.469630	3940.000000	364.502769	0.162943	0.133328
106.104014	822.469796	2586.666667	364.502696	0.162943	0.134615
109.371114	822.469831	1493.333333	364.502681	0.162943	0.134615
107.310659	822.469871	1020.000000	364.502663	0.162943	0.135903
105.080456	822.469878	1153.333333	364.502660	0.162943	0.135903
105.174999	822.469885	866.666667	364.502656	0.162943	0.134615
108.035811	822.469887	760.000000	364.502656	0.162943	0.135903
107.942879	822.469919	773.333333	364.502641	0.162943	0.135903
105.326099	822.469987	706.666667	364.502611	0.162943	0.135903
106.204315	822.470044	433.333333	364.502586	0.162943	0.135903
105.642819	822.470096	286.666667	364.502563	0.162943	0.135903
105.310148	822.470130	226.666667	364.502548	0.162943	0.135903
106.889244	822.470241	246.666667	364.502499	0.162943	0.135903
107.423045	822.470320	133.333333	364.502464	0.164231	0.135903
106.303667	822.470361	253.333333	364.502446	0.164231	0.135903
103.222066	822.470383	140.000000	364.502436	0.162943	0.135903
108.147566	822.470406	133.333333	364.502426	0.162943	0.135903
104.735457	822.470429	113.333333	364.502415	0.162943	0.135903
105.795645	822.470448	126.666667	364.502407	0.162943	0.135903
106.268011	822.470494	100.000000	364.502387	0.164231	0.135903
106.996483	822.470559	146.666667	364.502358	0.162943	0.135903
107.414775	822.470632	100.000000	364.502326	0.162943	0.135903
106.528496	822.470668	86.666667	364.502309	0.162943	0.137191
106.606875	822.470736	146.666667	364.502279	0.162943	0.137191
105.548507	822.470798	66.666667	364.502252	0.164231	0.135903
107.113785	822.470817	133.333333	364.502244	0.162943	0.135903
106.962817	822.470857	80.000000	364.502226	0.162943	0.137191
106.664181	822.470900	100.000000	364.502207	0.162943	0.135903
107.066779	822.470948	100.000000	364.502186	0.164231	0.137191
106.105398	822.471012	113.333333	364.502157	0.162943	0.135903
109.738537	822.471052	46.666667	364.502140	0.162943	0.135903
104.363200	822.471062	100.000000	364.502135	0.162943	0.137191
110.073759	822.471088	193.333333	364.502124	0.162943	0.137191
107.707327	822.471132	80.000000	364.502104	0.162943	0.135903
108.297396	822.471282	120.000000	364.502037	0.162943	0.137191
104.483053	822.471370	86.666667	364.501998	0.162943	0.135903
108.312598	822.471404	120.000000	364.501984	0.162943	0.135903
107.144839	822.471418	120.000000	364.501977	0.162943	0.135903
105.523169	822.471440	113.333333	364.501967	0.162943	0.135903
108.832733	822.471454	113.333333	364.501961	0.162943	0.135903
104.257729	822.471475	93.333333	364.501952	0.162943	0.135903
108.233072	822.471506	66.666667	364.501938	0.164231	0.135903
106.588724	822.471550	93.333333	364.501919	0.162943	0.135903
107.020900	822.471621	80.000000	364.501887	0.162943	0.135903
107.103825	822.471752	53.333333	364.501829	0.162943	0.135903
105.759579	822.471792	60.000000	364.501812	0.162943	0.135903
108.553690	822.471822	86.666667	364.501798	0.162943	0.135903
103.956033	822.471835	80.000000	364.501792	0.164231	0.135903
106.292283	822.471854	100.000000	364.501784	0.162943	0.137191
105.882983	822.471850	80.000000	364.501786	0.162943	0.137191
104.258821	822.471849	86.666667	364.501786	0.162943	0.137191
104.417785	822.471824	80.000000	364.501797	0.162943	0.137191
107.349405	822.471814	113.333333	364.501802	0.162943	0.137191
104.543299	822.471762	126.666667	364.501825	0.162943	0.137191
106.340309	822.471697	80.000000	364.501854	0.162943	0.137191
105.923685	822.471627	113.333333	364.501884	0.162943	0.137191
106.212446	822.471543	53.333333	364.501922	0.162943	0.135903
106.176719	822.471510	100.000000	364.501936	0.162943	0.135903
106.922641	822.471480	93.333333	364.501950	0.162943	0.135903
107.173125	822.471457	86.666667	364.501960	0.162943	0.135903
105.960558	822.471429	113.333333	364.501972	0.162943	0.135903
104.791179	822.471423	106.666667	364.501975	0.162943	0.135903
110.221467	822.471399	73.333333	364.501986	0.164231	0.135903
105.051478	822.471377	180.000000	364.501995	0.162943	0.134615
105.014731	822.471286	153.333333	364.502036	0.164231	0.135903
105.598264	822.471168	86.666667	364.502088	0.162943	0.135903
107.770431	822.471085	93.333333	364.502125	0.162943	0.134615
109.542124	822.471061	73.333333	364.502135	0.162943	0.134615
103.612060	822.471043	93.333333	364.502143	0.162943	0.134615
107.807236	822.471022	120.000000	364.502153	0.162943	0.134615
105.921394	822.471005	53.333333	364.502160	0.162943	0.134615
107.597674	822.470969	46.666667	364.502176	0.162943	0.134615
106.004171	822.470931	80.000000	364.502193	0.162943	0.134615
107.010441	822.470893	80.000000	364.502210	0.162943	0.133328
105.602861	822.470832	140.000000	364.502237	0.164231	0.130752
107.444312	822.470744	133.333333	364.502276	0.162943	0.130752
104.029085	822.470681	86.666667	364.502304	0.162943	0.129465
108.619364	822.470650	113.333333	364.502318	0.162943	0.128177
106.799556	822.470635	53.333333	364.502324	0.162943	0.128177
105.094921	822.470610	113.333333	364.502335	0.162943	0.126890
106.575494	822.470565	133.333333	364.502355	0.162943	0.125602
105.403845	822.470491	180.000000	364.502388	0.162943	0.125602
108.147086	822.470433	80.000000	364.502414	0.162943	0.124314
103.216664	822.470399	100.000000	364.502429	0.162943	0.124314
105.516972	822.470388	60.000000	364.502434	0.162943	0.123027
106.141406	822.470348	206.666667	364.502451	0.162943	0.120451
105.648850	822.470322	173.333333	364.502463	0.162943	0.121739
105.671153	822.470247	133.333333	364.502496	0.162943	0.120451
106.648795	822.470153	200.000000	364.502538	0.162943	0.119164
105.949111	822.470094	280.000000	364.502564	0.164231	0.119164
106.393851	822.470020	360.000000	364.502597	0.162943	0.119164
107.276612	822.469990	520.000000	364.502610	0.162943	0.119164
104.970918	822.469972	486.666667	364.502618	0.162943	0.117876
105.780989	822.469966	506.666667	364.502621	0.162943	0.117876
107.728780	822.469958	520.000000	364.502624	0.162943	0.117876
103.480017	822.469937	606.666667	364.502633	0.162943	0.116588
106.889850	822.469907	620.000000	364.502647	0.162943	0.116588
105.627421	822.469854	1013.333333	364.502670	0.162943	0.116588
107.038427	822.469731	2366.666667	364.502725	0.162943	0.116588
106.273540	822.469653	3193.333333	364.502759	0.162943	0.116588
105.518260	822.469625	3673.333333	364.502772	0.162943	0.116588
106.359324	822.469592	4553.333333	364.502787	0.162943	0.115301
105.363918	822.469555	5640.000000	364.502803	0.162943	0.115301
106.273946	822.469519	6440.000000	364.502819	0.162943	0.115301
104.844139	822.469485	7766.666667	364.502834	0.162943	0.115301
105.230011	822.469442	8366.666667	364.502853	0.162943	0.115301
105.663185	822.469368	11846.666667	364.502886	0.162943	0.115301
105.998214	822.469323	14993.333333	364.502906	0.162943	0.115301
106.863468	822.469264	18233.333333	364.502932	0.162943	0.115301
104.973286	822.469236	19340.000000	364.502944	0.162943	0.115301
107.218378	822.469215	20693.333333	364.502953	0.162943	0.115301
106.157374	822.469185	22953.333333	364.502967	0.162943	0.115301
105.347986	822.469149	25526.666667	364.502983	0.162943	0.116588
104.828300	822.469098	28493.333333	364.503005	0.162943	0.115301
107.722061	822.469080	30326.666667	364.503013	0.162943	0.115301
105.228992	822.468970	34260.000000	364.503062	0.162943	0.116588
103.318812	822.468843	41886.666667	364.503118	0.162943	0.115301
102.558432	822.468777	47220.000000	364.503148	0.162943	0.115301
102.612867	822.468772	47080.000000	364.503150	0.162943	0.115301
104.698019	822.468769	47933.333333	364.503151	0.162943	0.115301
107.968530	822.468769	48193.333333	364.503151	0.162943	0.115301
105.464109	822.468761	47640.000000	364.503155	0.161656	0.116588
109.647965	822.468751	49966.666667	364.503159	0.162943	0.115301
105.650144	822.468731	48593.333333	364.503168	0.162943	0.115301
104.601004	822.468637	46286.666667	364.503210	0.162943	0.115301
105.160139	822.468539	41800.000000	364.503253	0.162943	0.116588
105.793161	822.468436	36200.000000	364.503299	0.162943	0.115301
106.229155	822.468380	33780.000000	364.503324	0.162943	0.116588
107.210229	822.468353	32333.333333	364.503336	0.162943	0.116588
105.852520	822.468331	30853.333333	364.503345	0.162943	0.116588
103.552309	822.468316	30200.000000	364.503352	0.162943	0.116588
103.209019	822.468316	31026.666667	364.503352	0.162943	0.116588
107.911924	822.468302	29260.000000	364.503358	0.162943	0.115301
108.023248	822.468264	27986.666667	364.503375	0.162943	0.116588
106.109819	822.468130	22353.333333	364.503434	0.162943	0.116588
106.346901	822.468007	13806.666667	364.503489	0.162943	0.116588
107.780111	822.467940	9066.666667	364.503519	0.162943	0.116588
106.064299	822.467922	7620.000000	364.503527	0.162943	0.117876
103.580656	822.467908	7113.333333	364.503532	0.162943	0.116588
104.135461	822.467899	6613.333333	364.503537	0.162943	0.116588
107.674714	822.467885	6146.666667	364.503543	0.162943	0.116588
105.506529	822.467876	6206.666667	364.503547	0.162943	0.117876
103.770246	822.467853	5906.666667	364.503557	0.162943	0.117876
106.448287	822.467816	5226.666667	364.503574	0.162943	0.116588
106.065760	822.467737	3920.000000	364.503608	0.162943	0.117876
106.741436	822.467655	2533.333333	364.503645	0.161656	0.117876
106.250912	822.467620	1640.000000	364.503661	0.162943	0.117876
107.075729	822.467545	1326.666667	364.503693	0.162943	0.117876
106.835660	822.467454	773.333333	364.503734	0.162943	0.117876
102.860333	822.467410	486.666667	364.503754	0.162943	0.117876
107.811999	822.467386	446.666667	364.503764	0.162943	0.117876
106.257379	822.467376	300.000000	364.503769	0.162943	0.117876
102.283809	822.467357	326.666667	364.503777	0.162943	0.117876
105.104526	822.467352	333.333333	364.503779	0.162943	0.117876
105.477307	822.467313	280.000000	364.503797	0.162943	0.117876
103.463916	822.467266	253.333333	364.503817	0.162943	0.117876
105.081853	822.467077	140.000000	364.503901	0.162943	0.119164
104.930448	822.467028	53.333333	364.503923	0.162943	0.117876
104.280666	822.466985	153.333333	364.503942	0.161656	0.119164
105.147819	822.466955	93.333333	364.503955	0.162943	0.117876
104.412496	822.466945	113.333333	364.503960	0.162943	0.119164
105.228253	822.466971	153.333333	364.503948	0.162943	0.119164
105.282242	822.467003	120.000000	364.503934	0.162943	0.119164
105.594219	822.467076	293.333333	364.503901	0.162943	0.119164
106.152428	822.467192	193.333333	364.503850	0.162943	0.119164
107.726187	822.467307	260.000000	364.503799	0.162943	0.116588
104.651721	822.467322	280.000000	364.503792	0.162943	0.117876
101.054265	822.467349	200.000000	364.503780	0.162943	0.117876
102.747781	822.467361	286.666667	364.503775	0.162943	0.117876
107.686930	822.467375	380.000000	364.503769	0.162943	0.117876
102.943174	822.467388	306.666667	364.503763	0.161656	0.117876
104.410020	822.467406	480.000000	364.503755	0.162943	0.119164
104.336290	822.467458	600.000000	364.503732	0.162943	0.117876
104.204175	822.467533	1133.333333	364.503699	0.161656	0.117876
104.993823	822.467662	1980.000000	364.503642	0.162943	0.119164
105.605787	822.467714	2766.666667	364.503618	0.162943	0.117876
103.776838	822.467736	3100.000000	364.503609	0.162943	0.117876
107.171201	822.467760	3193.333333	364.503598	0.162943	0.117876
107.447972	822.467768	3380.000000	364.503595	0.162943	0.119164
102.753372	822.467784	3853.333333	364.503588	0.162943	0.119164
102.668083	822.467793	3980.000000	364.503584	0.162943	0.119164
107.477943	822.467803	4100.000000	364.503579	0.162943	0.119164
102.903523	822.467842	5046.666667	364.503562	0.162943	0.119164
104.835350	822.467995	8620.000000	364.503494	0.162943	0.119164
107.272310	822.468108	14813.333333	364.503444	0.162943	0.119164
103.362645	822.468139	17466.666667	364.503430	0.162943	0.119164
108.249124	822.468162	18593.333333	364.503420	0.162943	0.119164
108.714644	822.468171	19473.333333	364.503416	0.162943	0.119164
103.543803	822.468194	20966.666667	364.503406	0.162943	0.119164
107.717643	822.468204	21186.666667	364.503402	0.162943	0.119164
107.252166	822.468220	21566.666667	364.503395	0.162943	0.119164
102.545886	822.468232	23206.666667	364.503389	0.162943	0.119164
107.664163	822.468264	25293.333333	364.503375	0.162943	0.119164
104.839255	822.468459	34120.000000	364.503288	0.162943	0.119164
107.729964	822.468511	42626.666667	364.503265	0.162943	0.119164
105.355973	822.468537	43360.000000	364.503254	0.162943	0.119164
105.216142	822.468551	45253.333333	364.503248	0.162943	0.119164
106.854875	822.468607	45726.666667	364.503223	0.162943	0.119164
106.216125	822.468641	46673.333333	364.503208	0.162943	0.119164
106.073225	822.468668	47946.666667	364.503196	0.162943	0.119164
107.632902	822.468698	48006.666667	364.503182	0.162943	0.119164
104.124839	822.468737	48193.333333	364.503165	0.162943	0.119164
106.953371	822.468876	43573.333333	364.503104	0.162943	0.119164
109.811202	822.468975	39126.666667	364.503060	0.162943	0.119164
108.063484	822.469013	37553.333333	364.503043	0.162943	0.119164
103.136013	822.469026	36160.000000	364.503037	0.162943	0.119164
107.169252	822.469041	35713.333333	364.503030	0.162943	0.119164
108.325384	822.469071	32800.000000	364.503017	0.162943	0.119164
105.197053	822.469072	31553.333333	364.503017	0.162943	0.119164
105.375352	822.469104	29000.000000	364.503003	0.162943	0.119164
106.923554	822.469137	26766.666667	364.502988	0.162943	0.119164
106.455582	822.469190	23720.000000	364.502965	0.162943	0.119164
106.557293	822.469241	20773.333333	364.502942	0.162943	0.119164
104.441739	822.469346	14966.666667	364.502895	0.162943	0.119164
106.811288	822.469385	11866.666667	364.502878	0.162943	0.119164
107.040267	822.469402	10953.333333	364.502870	0.162943	0.119164
104.320794	822.469420	10240.000000	364.502862	0.162943	0.119164
108.526630	822.469446	8933.333333	364.502851	0.162943	0.117876
106.016428	822.469507	6740.000000	364.502824	0.162943	0.119164
106.935928	822.469575	5026.666667	364.502794	0.162943	0.119164
106.662196	822.469624	4200.000000	364.502772	0.162943	0.119164
105.321061	822.469644	3406.666667	364.502763	0.162943	0.119164
106.727722	822.469692	2800.000000	364.502742	0.162943	0.119164
104.734078	822.469837	1846.666667	364.502678	0.162943	0.119164
106.198548	822.469881	1060.000000	364.502658	0.162943	0.119164
107.639893	822.469927	660.000000	364.502638	0.162943	0.119164
104.948814	822.469946	513.333333	364.502629	0.162943	0.117876
107.524859	822.469968	633.333333	364.502620	0.162943	0.119164
107.468018	822.469983	453.333333	364.502613	0.162943	0.119164
106.295200	822.470001	320.000000	364.502605	0.162943	0.119164
106.593045	822.470032	400.000000	364.502591	0.164231	0.117876
106.463990	822.470058	260.000000	364.502580	0.162943	0.117876
107.046340	822.470119	213.333333	364.502553	0.162943	0.117876
105.741340	822.470177	173.333333	364.502527	0.162943	0.117876
105.876187	822.470246	133.333333	364.502497	0.162943	0.117876
106.118812	822.470306	226.666667	364.502470	0.164231	0.117876
106.833580	822.470384	120.000000	364.502436	0.162943	0.117876
105.795498	822.470444	120.000000	364.502409	0.162943	0.119164
105.370087	822.470476	260.000000	364.502395	0.162943	0.117876
105.613482	822.470524	80.000000	364.502373	0.162943	0.117876
106.799714	822.470560	93.333333	364.502357	0.162943	0.117876
105.262881	822.470577	66.666667	364.502350	0.162943	0.117876
107.471990	822.470601	120.000000	364.502339	0.162943	0.117876
106.141764	822.470632	113.333333	364.502325	0.162943	0.117876
106.013416	822.470665	60.000000	364.502311	0.162943	0.117876
106.820026	822.470754	173.333333	364.502271	0.162943	0.117876
106.790979	822.470837	166.666667	364.502235	0.162943	0.117876
105.238869	822.470877	53.333333	364.502217	0.162943	0.116588
107.117134	822.470923	133.333333	364.502196	0.162943	0.117876
106.583018	822.470938	120.000000	364.502190	0.164231	0.117876
106.586811	822.470973	60.000000	364.502175	0.162943	0.117876
107.006579	822.471042	73.333333	364.502144	0.162943	0.116588
108.985476	822.471095	86.666667	364.502120	0.162943	0.117876
104.326982	822.471125	93.333333	364.502107	0.162943	0.117876
110.435027	822.471140	93.333333	364.502100	0.162943	0.116588
104.827052	822.471162	73.333333	364.502091	0.162943	0.117876
109.497689	822.471191	53.333333	364.502078	0.162943	0.117876
107.836427	822.471292	73.333333	364.502033	0.162943	0.117876
107.622411	822.471426	66.666667	364.501974	0.162943	0.116588
107.328051	822.471486	73.333333	364.501947	0.162943	0.116588
107.981310	822.471503	80.000000	364.501939	0.162943	0.116588
106.268328	822.471531	80.000000	364.501927	0.162943	0.116588
108.709076	822.471556	60.000000	364.501916	0.162943	0.116588
106.115553	822.471571	133.333333	364.501910	0.162943	0.116588
108.203044	822.471595	80.000000	364.501899	0.162943	0.116588
105.687995	822.471624	80.000000	364.501886	0.162943	0.116588
107.602634	822.471664	100.000000	364.501868	0.162943	0.116588
105.423164	822.471778	73.333333	364.501818	0.162943	0.116588
107.012563	822.471846	40.000000	364.501788	0.162943	0.116588
108.352337	822.471876	93.333333	364.501774	0.162943	0.116588
105.188473	822.471898	100.000000	364.501764	0.162943	0.116588
105.878778	822.471909	80.000000	364.501760	0.162943	0.116588
105.199802	822.471893	33.333333	364.501767	0.162943	0.116588
107.601993	822.471868	93.333333	364.501778	0.162943	0.116588
105.334161	822.471834	46.666667	364.501793	0.162943	0.116588
106.616284	822.471763	120.000000	364.501824	0.162943	0.116588
106.342747	822.471664	100.000000	364.501868	0.162943	0.116588
107.140818	822.471630	66.666667	364.501883	0.162943	0.116588
106.957929	822.471599	113.333333	364.501897	0.162943	0.115301
105.487358	822.471568	140.000000	364.501911	0.162943	0.116588
106.684361	822.471546	146.666667	364.501920	0.162943	0.115301
106.181634	822.471512	186.666667	364.501936	0.162943	0.114013
107.023299	822.471494	93.333333	364.501943	0.162943	0.115301
105.458377	822.471473	60.000000	364.501953	0.162943	0.114013
105.224479	822.471437	100.000000	364.501969	0.162943	0.115301
105.611191	822.471330	140.000000	364.502016	0.162943	0.115301
103.603947	822.471207	73.333333	364.502071	0.162943	0.115301
105.794272	822.471142	80.000000	364.502099	0.162943	0.115301
107.638300	822.471129	80.000000	364.502105	0.162943	0.115301
105.162699	822.471093	100.000000	364.502121	0.162943	0.115301
106.867975	822.471083	66.666667	364.502126	0.162943	0.115301
105.265087	822.471066	160.000000	364.502133	0.162943	0.115301
105.623896	822.471048	93.333333	364.502141	0.162943	0.115301
105.116260	822.471015	53.333333	364.502156	0.164231	0.115301
105.051621	822.470937	106.666667	364.502190	0.162943	0.115301
106.216976	822.470889	193.333333	364.502211	0.162943	0.116588
106.607242	822.470787	106.666667	364.502257	0.162943	0.116588
106.658150	822.470728	100.000000	364.502283	0.162943	0.115301
105.447330	822.470697	126.666667	364.502296	0.162943	0.116588
105.064262	822.470681	100.000000	364.502304	0.162943	0.116588
107.080648	822.470661	113.333333	364.502313	0.162943	0.116588
103.049996	822.470621	166.666667	364.502330	0.162943	0.116588
106.428459	822.470560	66.666667	364.502357	0.162943	0.116588
106.784770	822.470493	126.666667	364.502387	0.162943	0.116588
106.363665	822.470469	80.000000	364.502398	0.162943	0.116588
105.687767	822.470455	126.666667	364.502404	0.162943	0.116588
106.499037	822.470415	106.666667	364.502422	0.162943	0.116588
105.029932	822.470322	186.666667	364.502463	0.162943	0.116588
105.143206	822.470206	173.333333	364.502514	0.162943	0.116588
105.819837	822.470168	213.333333	364.502531	0.162943	0.116588
104.728228	822.470135	213.333333	364.502546	0.162943	0.116588
104.529461	822.470128	306.666667	364.502549	0.162943	0.116588
104.652539	822.470088	233.333333	364.502566	0.162943	0.117876
105.652653	822.470074	266.666667	364.502573	0.162943	0.116588
103.909238	822.470042	413.333333	364.502587	0.162943	0.117876
106.738415	822.470019	420.000000	364.502597	0.162943	0.117876
104.254817	822.469983	446.666667	364.502613	0.162943	0.117876
106.620328	822.469894	986.666667	364.502653	0.162943	0.117876
104.809007	822.469788	1546.666667	364.502700	0.162943	0.119164
106.016500	822.469742	1833.333333	364.502720	0.162943	0.119164
106.291240	822.469732	2126.666667	364.502724	0.162943	0.117876
104.175075	822.469679	2653.333333	364.502748	0.162943	0.117876
105.042713	822.469631	4353.333333	364.502769	0.162943	0.119164
102.072940	822.469540	5833.333333	364.502810	0.162943	0.119164
107.049979	822.469514	6573.333333	364.502821	0.162943	0.119164
104.394941	822.469501	6966.666667	364.502827	0.162943	0.119164
103.470767	822.469483	7493.333333	364.502834	0.162943	0.119164
105.611768	822.469436	9286.666667	364.502855	0.162943	0.120451
105.690541	822.469295	15093.333333	364.502918	0.162943	0.120451
106.404023	822.469256	18526.666667	364.502935	0.162943	0.120451
103.979844	822.469230	19560.000000	364.502947	0.162943	0.120451
106.206274	822.469205	21440.000000	364.502958	0.162943	0.121739
105.835611	822.469193	23206.666667	364.502963	0.162943	0.120451
104.338652	822.469162	25033.333333	364.502977	0.162943	0.121739
104.564039	822.469138	27466.666667	364.502988	0.162943	0.121739
105.488388	822.469101	28373.333333	364.503004	0.162943	0.123027
106.610810	822.469069	31793.333333	364.503018	0.162943	0.123027
106.330868	822.469026	34626.666667	364.503037	0.162943	0.123027
104.839548	822.468924	39313.333333	364.503083	0.162943	0.124314
103.731397	822.468791	45546.666667	364.503141	0.162943	0.124314
102.709065	822.468755	47233.333333	364.503157	0.162943	0.125602
106.456004	822.468735	48966.666667	364.503166	0.162943	0.125602
102.283587	822.468715	48413.333333	364.503175	0.162943	0.126890
107.364458	822.468705	50020.000000	364.503180	0.162943	0.125602
106.716492	822.468688	49646.666667	364.503187	0.162943	0.125602
104.481421	822.468673	49100.000000	364.503194	0.162943	0.126890
105.757479	822.468626	47660.000000	364.503215	0.162943	0.128177
105.791341	822.468487	39480.000000	364.503276	0.162943	0.128177
104.728544	822.468380	33126.666667	364.503324	0.161656	0.129465
108.413743	822.468332	30806.666667	364.503345	0.162943	0.129465
106.629920	822.468329	30380.000000	364.503346	0.162943	0.130752
105.367246	822.468304	28160.000000	364.503357	0.162943	0.132040
109.061660	822.468292	28573.333333	364.503362	0.162943	0.133328
107.445816	822.468286	28006.666667	364.503365	0.162943	0.132040
102.200945	822.468263	25546.666667	364.503375	0.162943	0.133328
105.485156	822.468246	25113.333333	364.503383	0.162943	0.134615
107.508156	822.468172	22213.333333	364.503416	0.162943	0.134615
104.816668	822.468066	15920.000000	364.503463	0.162943	0.135903
103.795277	822.467939	10293.333333	364.503519	0.161656	0.134615
104.316106	822.467872	6146.666667	364.503549	0.162943	0.135903
109.430365	822.467838	4773.333333	364.503564	0.161656	0.134615
108.106908	822.467823	4773.333333	364.503570	0.162943	0.134615
102.950386	822.467815	4720.000000	364.503574	0.162943	0.135903
103.172443	822.467800	4440.000000	364.503581	0.162943	0.135903
105.355558	822.467796	4186.666667	364.503582	0.162943	0.135903
107.327082	822.467785	4046.666667	364.503587	0.162943	0.134615
106.218846	822.467736	3366.666667	364.503609	0.162943	0.135903
104.378423	822.467632	2313.333333	364.503655	0.162943	0.134615
106.137356	822.467596	1720.000000	364.503671	0.162943	0.135903
105.440466	822.467534	1053.333333	364.503699	0.162943	0.134615
106.234972	822.467467	680.000000	364.503728	0.162943	0.134615
105.516979	822.467387	360.000000	364.503763	0.161656	0.135903
104.351527	822.467357	393.333333	364.503777	0.162943	0.135903
102.839570	822.467341	340.000000	364.503784	0.162943	0.135903
107.246944	822.467323	273.333333	364.503792	0.161656	0.135903
105.072213	822.467317	266.666667	364.503794	0.162943	0.135903
105.014262	822.467268	226.666667	364.503816	0.162943	0.135903
105.073414	822.467186	206.666667	364.503853	0.161656	0.135903
105.280464	822.467033	120.000000	364.503920	0.162943	0.135903
105.161216	822.466943	133.333333	364.503960	0.162943	0.135903
102.238607	822.466932	113.333333	364.503965	0.162943	0.135903
105.682216	822.466914	120.000000	364.503973	0.162943	0.137191
106.967741	822.466900	113.333333	364.503980	0.161656	0.135903
108.883993	822.466906	86.666667	364.503977	0.162943	0.137191
103.658996	822.466916	140.000000	364.503972	0.161656	0.137191
102.218312	822.466942	60.000000	364.503961	0.162943	0.137191
106.784495	822.467028	133.333333	364.503923	0.162943	0.137191
106.754649	822.467203	213.333333	364.503845	0.162943	0.137191
105.059847	822.467268	233.333333	364.503816	0.162943	0.137191
104.720502	822.467294	220.000000	364.503805	0.162943	0.137191
108.543208	822.467317	266.666667	364.503795	0.161656	0.138478
102.484583	822.467331	273.333333	364.503789	0.162943	0.137191
107.270121	822.467342	413.333333	364.503784	0.162943	0.137191
105.860087	822.467374	380.000000	364.503769	0.161656	0.137191
103.869594	822.467413	633.333333	364.503752	0.162943	0.138478
105.559718	822.467550	1040.000000	364.503692	0.161656	0.138478
105.658381	822.467589	1380.000000	364.503674	0.161656	0.138478
107.953198	822.467652	1853.333333	364.503646	0.162943	0.138478
106.813891	822.467716	2666.666667	364.503618	0.162943	0.139766
103.896782	822.467764	3560.000000	364.503596	0.162943	0.138478
107.217089	822.467787	3660.000000	364.503586	0.162943	0.139766
105.321332	822.467810	4540.000000	364.503576	0.162943	0.138478
102.912750	822.467821	4500.000000	364.503571	0.162943	0.138478
107.995111	822.467836	5146.666667	364.503565	0.162943	0.138478
108.726018	822.467846	5100.000000	364.503560	0.161656	0.139766
103.222215	822.467870	5960.000000	364.503550	0.162943	0.138478
106.915816	822.467975	8373.333333	364.503503	0.162943	0.138478
105.768302	822.468101	16740.000000	364.503447	0.161656	0.138478
106.775907	822.468185	21073.333333	364.503410	0.162943	0.138478
108.124845	822.468194	22920.000000	364.503406	0.162943	0.138478
102.321393	822.468217	24006.666667	364.503396	0.162943	0.138478
106.008161	822.468235	23753.333333	364.503388	0.161656	0.138478
107.372693	822.468247	24720.000000	364.503382	0.162943	0.138478
102.533457	822.468255	25120.000000	364.503379	0.162943	0.137191
105.171885	822.468273	25953.333333	364.503371	0.162943	0.137191
107.449049	822.468309	27020.000000	364.503355	0.162943	0.137191
104.604187	822.468387	31666.666667	364.503320	0.162943	0.137191
104.830138	822.468529	40700.000000	364.503257	0.162943	0.137191
106.643242	822.468586	44913.333333	364.503232	0.162943	0.137191
107.610271	822.468617	47266.666667	364.503219	0.162943	0.135903
107.741731	822.468665	48186.666667	364.503197	0.162943	0.135903
105.953282	822.468687	47800.000000	364.503188	0.162943	0.135903
105.875176	822.468711	48186.666667	364.503177	0.162943	0.135903
106.867847	822.468731	48066.666667	364.503168	0.161656	0.135903
103.511539	822.468775	47120.000000	364.503148	0.162943	0.135903
105.228643	822.468856	43533.333333	364.503113	0.162943	0.135903
108.556444	822.468980	39040.000000	364.503058	0.162943	0.134615
107.036529	822.469043	35046.666667	364.503030	0.162943	0.134615
101.121948	822.469058	33220.000000	364.503023	0.162943	0.134615
107.620053	822.469068	30813.333333	364.503018	0.162943	0.134615
105.830944	822.469087	30886.666667	364.503010	0.162943	0.134615
104.252265	822.469108	29246.666667	364.503001	0.162943	0.133328
104.551871	822.469135	27380.000000	364.502989	0.162943	0.133328
105.984888	822.469175	25100.000000	364.502971	0.162943	0.132040
104.638340	822.469190	23220.000000	364.502965	0.162943	0.130752
105.671006	822.469233	20926.666667	364.502946	0.162943	0.132040
104.649532	822.469353	16300.000000	364.502892	0.162943	0.132040
105.080745	822.469429	10700.000000	364.502859	0.162943	0.130752
106.457169	822.469472	8253.333333	364.502840	0.162943	0.129465
102.418905	822.469494	7500.000000	364.502830	0.162943	0.130752
104.636465	822.469510	6886.666667	364.502823	0.162943	0.129465
108.201855	822.469526	5626.666667	364.502816	0.162943	0.128177
102.871868	822.469562	5560.000000	364.502800	0.162943	0.128177
105.453234	822.469671	4126.666667	364.502751	0.162943	0.128177
107.355003	822.469730	2520.000000	364.502725	0.162943	0.126890
106.743334	822.469764	2066.666667	364.502710	0.162943	0.126890
104.973919	822.469813	1486.666667	364.502688	0.162943	0.125602
105.445093	822.469910	1040.000000	364.502645	0.162943	0.125602
105.338097	822.469967	560.000000	364.502620	0.162943	0.125602
106.742918	822.470002	460.000000	364.502605	0.162943	0.124314
109.142645	822.470016	460.000000	364.502598	0.162943	0.125602
105.292140	822.470039	333.333333	364.502588	0.162943	0.123027
106.788122	822.470064	306.666667	364.502577	0.162943	0.123027
106.069944	822.470104	393.333333	364.502559	0.162943	0.121739
105.981286	822.470138	200.000000	364.502545	0.162943	0.121739
106.179608	822.470156	173.333333	364.502537	0.162943	0.121739
107.170973	822.470210	193.333333	364.502512	0.162943	0.121739
104.314122	822.470290	160.000000	364.502477	0.162943	0.120451
104.381878	822.470426	100.000000	364.502417	0.162943	0.119164
108.246424	822.470454	166.666667	364.502404	0.162943	0.119164
106.789175	822.470479	120.000000	364.502393	0.162943	0.119164
104.424745	822.470500	80.000000	364.502384	0.162943	0.119164
105.071563	822.470523	193.333333	364.502374	0.162943	0.120451
106.476876	822.470564	86.666667	364.502356	0.162943	0.119164
105.408791	822.470623	66.666667	364.502329	0.162943	0.119164
106.587616	822.470671	113.333333	364.502308	0.162943	0.119164
104.973987	822.470710	80.000000	364.502291	0.162943	0.119164
105.318536	822.470756	80.000000	364.502270	0.162943	0.119164
105.287234	822.470785	66.666667	364.502257	0.162943	0.119164
106.269222	822.470862	166.666667	364.502224	0.162943	0.119164
106.156067	822.470911	140.000000	364.502202	0.162943	0.119164
105.418719	822.470975	73.333333	364.502173	0.162943	0.119164
105.352319	822.471043	120.000000	364.502143	0.162943	0.119164
106.522044	822.471065	66.666667	364.502134	0.162943	0.119164
105.319832	822.471116	140.000000	364.502111	0.162943	0.119164
107.648883	822.471134	100.000000	364.502103	0.162943	0.119164
104.270102	822.471161	86.666667	364.502091	0.162943	0.119164
108.210698	822.471173	166.666667	364.502086	0.162943	0.119164
107.336649	822.471190	86.666667	364.502078	0.162943	0.119164
103.539162	822.471246	100.000000	364.502053	0.162943	0.119164
107.134554	822.471374	73.333333	364.501996	0.162943	0.117876
108.093923	822.471492	66.666667	364.501944	0.162943	0.119164
105.900465	822.471519	113.333333	364.501932	0.162943	0.119164
108.699545	822.471544	66.666667	364.501922	0.162943	0.119164
104.731487	822.471563	240.000000	364.501913	0.162943	0.119164
106.867304	822.471577	73.333333	364.501907	0.162943	0.119164
104.317758	822.471607	146.666667	364.501893	0.162943	0.117876
105.639108	822.471634	66.666667	364.501881	0.164231	0.119164
104.596264	822.471674	140.000000	364.501864	0.162943	0.119164
106.363410	822.471722	100.000000	364.501843	0.162943	0.117876
105.121125	822.471823	100.000000	364.501798	0.162943	0.119164
105.199162	822.471906	153.333333	364.501761	0.162943	0.119164
103.780694	822.471923	93.333333	364.501753	0.162943	0.117876
106.606595	822.471955	93.333333	364.501739	0.162943	0.119164
108.832253	822.471941	126.666667	364.501745	0.162943	0.117876
104.270487	822.471917	120.000000	364.501756	0.162943	0.119164
103.328743	822.471874	106.666667	364.501775	0.162943	0.117876
104.150330	822.471735	153.333333	364.501837	0.162943	0.117876
104.666003	822.471681	146.666667	364.501861	0.162943	0.119164
108.535292	822.471660	86.666667	364.501870	0.162943	0.119164
106.887567	822.471658	80.000000	364.501871	0.162943	0.117876
103.928217	822.471642	93.333333	364.501878	0.162943	0.117876
106.018399	822.471629	133.333333	364.501884	0.164231	0.117876
109.028914	822.471619	80.000000	364.501888	0.162943	0.119164
107.542323	822.471579	40.000000	364.501906	0.162943	0.117876
107.796132	822.471499	46.666667	364.501941	0.162943	0.119164
105.937069	822.471432	60.000000	364.501971	0.162943	0.117876
107.124459	822.471315	106.666667	364.502023	0.162943	0.117876
107.387144	822.471252	133.333333	364.502051	0.162943	0.119164
106.721089	822.471199	80.000000	364.502074	0.162943	0.117876
106.096313	822.471183	60.000000	364.502081	0.162943	0.119164
107.219307	822.471144	80.000000	364.502099	0.162943	0.117876
106.318916	822.471127	100.000000	364.502106	0.162943	0.119164
105.789834	822.471095	53.333333	364.502120	0.162943	0.119164
106.218480	822.471044	80.000000	364.502143	0.162943	0.116588
106.051153	822.471031	166.666667	364.502149	0.162943	0.117876
106.286430	822.470991	80.000000	364.502166	0.162943	0.116588
105.866512	822.470909	73.333333	364.502203	0.162943	0.116588
106.220504	822.470821	80.000000	364.502242	0.162943	0.117876
106.141809	822.470785	66.666667	364.502258	0.162943	0.116588
107.166097	822.470755	73.333333	364.502271	0.162943	0.116588
107.479304	822.470730	106.666667	364.502282	0.162943	0.116588
105.308160	822.470703	80.000000	364.502294	0.162943	0.117876
106.299582	822.470638	73.333333	364.502323	0.162943	0.117876
106.673553	822.470564	106.666667	364.502356	0.162943	0.116588
105.231496	822.470528	113.333333	364.502372	0.162943	0.116588
107.366242	822.470505	100.000000	364.502382	0.162943	0.117876
106.319670	822.470481	53.333333	364.502392	0.164231	0.116588
107.475510	822.470466	73.333333	364.502399	0.162943	0.116588
104.848528	822.470351	133.333333	364.502450	0.162943	0.116588
103.977708	822.470232	153.333333	364.502503	0.162943	0.116588
106.850166	822.470203	100.000000	364.502515	0.162943	0.117876
104.384512	822.470178	200.000000	364.502527	0.162943	0.116588
105.503361	822.470169	186.666667	364.502531	0.162943	0.116588
106.422929	822.470136	180.000000	364.502545	0.162943	0.116588
106.835565	822.470109	273.333333	364.502557	0.162943	0.117876
104.988040	822.470061	353.333333	364.502579	0.162943	0.117876
108.796272	822.470006	393.333333	364.502603	0.162943	0.116588
106.512107	822.469991	280.000000	364.502610	0.162943	0.116588
107.166832	822.469960	526.666667	364.502623	0.162943	0.116588
105.867862	822.469917	760.000000	364.502642	0.162943	0.116588
105.948359	822.469817	1220.000000	364.502686	0.162943	0.117876
104.942265	822.469745	2213.333333	364.502719	0.162943	0.117876
106.136402	822.469686	2626.666667	364.502745	0.162943	0.116588
105.224441	822.469626	3506.666667	364.502771	0.162943	0.116588
105.426599	822.469594	4466.666667	364.502785	0.162943	0.116588
105.293721	822.469559	5306.666667	364.502801	0.162943	0.116588
103.212815	822.469542	6180.000000	364.502809	0.162943	0.117876
106.071771	822.469519	6326.666667	364.502819	0.162943	0.117876
106.823896	822.469486	7553.333333	364.502834	0.162943	0.116588
104.677563	822.469381	11226.666667	364.502880	0.162943	0.117876
102.990011	822.469294	16173.333333	364.502918	0.162943	0.117876
107.874749	822.469254	18333.333333	364.502936	0.162943	0.117876
108.000724	822.469234	19920.000000	364.502945	0.162943	0.116588
104.034049	822.469216	20200.000000	364.502953	0.162943	0.117876
105.221876	822.469184	22553.333333	364.502967	0.162943	0.117876
103.673860	822.469164	24226.666667	364.502976	0.162943	0.117876
105.465341	822.469126	26713.333333	364.502993	0.162943	0.117876
105.754364	822.469094	29566.666667	364.503007	0.162943	0.116588
106.502771	822.469066	32560.000000	364.503020	0.162943	0.117876
105.071024	822.469033	34513.333333	364.503034	0.162943	0.116588
106.834023	822.468931	38720.000000	364.503079	0.162943	0.117876
106.520027	822.468792	44273.333333	364.503141	0.162943	0.117876
104.001933	822.468730	47246.666667	364.503169	0.162943	0.117876
106.833575	822.468712	48333.333333	364.503176	0.161656	0.117876
103.457379	822.468688	48853.333333	364.503187	0.162943	0.117876
107.201928	822.468658	49026.666667	364.503200	0.161656	0.116588
104.545608	822.468640	47673.333333	364.503208	0.162943	0.116588
106.731772	822.468607	48286.666667	364.503223	0.162943	0.117876
104.628377	822.468585	48726.666667	364.503233	0.162943	0.117876
107.847586	822.468520	43760.000000	364.503261	0.162943	0.117876
105.268199	822.468371	35133.333333	364.503328	0.162943	0.116588
102.844847	822.468287	27980.000000	364.503365	0.162943	0.117876
107.650656	822.468258	25706.666667	364.503378	0.161656	0.116588
108.168386	822.468248	25193.333333	364.503382	0.162943	0.116588
102.864711	822.468234	24266.666667	364.503388	0.162943	0.116588
102.311886	822.468235	24066.666667	364.503388	0.162943	0.116588
105.349377	822.468214	22573.333333	364.503397	0.162943	0.117876
108.031232	822.468187	22313.333333	364.503409	0.162943	0.116588
104.826367	822.468154	19540.000000	364.503424	0.162943	0.116588
104.507360	822.468077	15673.333333	364.503458	0.162943	0.117876
104.784717	822.467952	10366.666667	364.503513	0.162943	0.116588
104.877555	822.467858	6406.666667	364.503555	0.162943	0.117876
105.040735	822.467808	4520.000000	364.503577	0.162943	0.117876
104.696657	822.467786	3840.000000	364.503587	0.161656	0.117876
104.780828	822.467767	3453.333333	364.503595	0.162943	0.116588
103.917718	822.467741	3140.000000	364.503607	0.161656	0.117876
102.444396	822.467727	3073.333333	364.503613	0.162943	0.116588
106.292439	822.467713	2600.000000	364.503619	0.162943	0.116588
105.592015	822.467689	2326.666667	364.503630	0.161656	0.117876
105.630361	822.467637	1773.333333	364.503653	0.161656	0.117876
105.303635	822.467521	1086.666667	364.503704	0.161656	0.116588
103.285135	822.467406	640.000000	364.503755	0.161656	0.116588
103.833767	822.467385	366.666667	364.503764	0.162943	0.116588
107.813937	822.467350	300.000000	364.503780	0.161656	0.117876
102.107843	822.467330	320.000000	364.503789	0.161656	0.117876
104.280493	822.467315	306.666667	364.503796	0.162943	0.116588
106.669331	822.467295	180.000000	364.503805	0.161656	0.117876
103.712057	822.467267	160.000000	364.503817	0.161656	0.116588
103.268535	822.467245	240.000000	364.503826	0.162943	0.116588
106.087903	822.467120	186.666667	364.503882	0.162943	0.117876
103.195697	822.466997	100.000000	364.503937	0.162943	0.117876
103.805014	822.466881	133.333333	364.503988	0.162943	0.116588
103.798060	822.466861	80.000000	364.503997	0.162943	0.117876
105.151691	822.466844	133.333333	364.504004	0.161656	0.117876
106.309786	822.466849	73.333333	364.504002	0.161656	0.117876
102.396243	822.466870	73.333333	364.503993	0.161656	0.116588
104.650025	822.466920	93.333333	364.503971	0.161656	0.117876
104.871135	822.467069	133.333333	364.503905	0.161656	0.117876
105.181468	822.467147	153.333333	364.503870	0.162943	0.117876
104.789227	822.467226	140.000000	364.503835	0.161656	0.117876
106.912323	822.467284	206.666667	364.503809	0.162943	0.117876
104.738201	822.467311	313.333333	364.503797	0.161656	0.117876
108.463476	822.467330	293.333333	364.503789	0.161656	0.117876
108.100529	822.467353	353.333333	364.503779	0.162943	0.117876
102.711472	822.467369	273.333333	364.503772	0.161656	0.117876
106.713392	822.467379	413.333333	364.503767	0.161656	0.117876
104.705249	822.467429	493.333333	364.503745	0.162943	0.117876
105.309333	822.467532	1020.000000	364.503699	0.161656	0.117876
104.148994	822.467633	1820.000000	364.503654	0.162943	0.117876
104.667866	822.467678	2086.666667	364.503635	0.162943	0.117876
104.578998	822.467714	2553.333333	364.503619	0.161656	0.119164
104.989960	822.467743	2726.666667	364.503606	0.162943	0.117876
104.976241	822.467743	2853.333333	364.503606	0.162943	0.117876
105.822009	822.467761	3393.333333	364.503598	0.162943	0.117876
104.774611	822.467795	3593.333333	364.503583	0.162943	0.117876
103.285117	822.467803	4013.333333	364.503579	0.162943	0.117876
108.255850	822.467820	4140.000000	364.503572	0.162943	0.117876
107.381441	822.467858	5353.333333	364.503555	0.162943	0.117876
105.390582	822.467953	9513.333333	364.503513	0.162943	0.117876
104.300604	822.468093	13960.000000	364.503451	0.162943	0.117876
104.439626	822.468154	18126.666667	364.503423	0.161656	0.115301
104.246123	822.468215	23653.333333	364.503397	0.162943	0.116588
105.693995	822.468259	25466.666667	364.503377	0.162943	0.116588
105.577889	822.468281	26900.000000	364.503367	0.162943	0.116588
105.008862	822.468312	28860.000000	364.503354	0.162943	0.117876
107.953545	822.468314	30266.666667	364.503353	0.162943	0.116588
108.364775	822.468326	31513.333333	364.503347	0.162943	0.117876
103.356878	822.468341	31373.333333	364.503341	0.162943	0.117876
105.656843	822.468352	31520.000000	364.503336	0.162943	0.117876
105.725673	822.468383	32260.000000	364.503322	0.162943	0.117876
106.861911	822.468425	35326.666667	364.503303	0.161656	0.117876
105.216977	822.468641	44833.333333	364.503208	0.162943	0.117876
106.879918	822.468679	48206.666667	364.503191	0.162943	0.117876
104.383907	822.468695	48906.666667	364.503184	0.162943	0.117876
107.044507	822.468703	50126.666667	364.503180	0.162943	0.117876
106.313608	822.468713	49040.000000	364.503176	0.162943	0.117876
108.282108	822.468719	48973.333333	364.503173	0.162943	0.116588
104.425586	822.468734	47846.666667	364.503166	0.162943	0.117876
104.226593	822.468799	45480.000000	364.503138	0.162943	0.117876
106.581325	822.468908	41060.000000	364.503090	0.162943	0.117876
106.547928	822.469011	36333.333333	364.503044	0.162943	0.117876
106.482070	822.469056	32520.000000	364.503024	0.162943	0.116588
106.027731	822.469083	31480.000000	364.503012	0.162943	0.117876
106.031474	822.469105	28660.000000	364.503002	0.162943	0.117876
105.349466	822.469166	25173.333333	364.502975	0.162943	0.117876
106.253551	822.469195	24033.333333	364.502962	0.162943	0.117876
107.021847	822.469218	20906.666667	364.502952	0.162943	0.117876
102.598298	822.469231	19953.333333	364.502946	0.162943	0.117876
106.916908	822.469257	18960.000000	364.502935	0.162943	0.117876
105.973961	822.469271	17993.333333	364.502929	0.162943	0.117876
103.981718	822.469312	15666.666667	364.502910	0.162943	0.117876
105.854556	822.469468	11440.000000	364.502841	0.162943	0.117876
103.333946	822.469523	7733.333333	364.502817	0.162943	0.117876
102.120147	822.469555	5606.666667	364.502803	0.162943	0.117876
104.925214	822.469573	5266.666667	364.502795	0.162943	0.119164
106.749983	822.469578	4766.666667	364.502793	0.162943	0.117876
105.279417	822.469609	4040.000000	364.502779	0.162943	0.119164
105.175941	822.469635	3853.333333	364.502768	0.162943	0.119164
104.870725	822.469709	2646.666667	364.502735	0.162943	0.117876
106.075100	822.469771	1553.333333	364.502707	0.162943	0.119164
105.863098	822.469851	1220.000000	364.502672	0.162943	0.119164
105.473754	822.469923	766.666667	364.502640	0.162943	0.119164
105.812687	822.469979	466.666667	364.502615	0.162943	0.119164
106.712850	822.470010	480.000000	364.502601	0.162943	0.119164
104.343771	822.470038	346.666667	364.502589	0.162943	0.117876
108.121222	822.470073	260.000000	364.502573	0.161656	0.119164
106.578733	822.470098	226.666667	364.502562	0.162943	0.119164
106.024345	822.470144	246.666667	364.502542	0.162943	0.119164
104.234800	822.470162	166.666667	364.502534	0.162943	0.119164
106.490979	822.470185	160.000000	364.502524	0.162943	0.119164
105.876881	822.470220	193.333333	364.502508	0.162943	0.117876
104.346702	822.470273	166.666667	364.502485	0.162943	0.119164
107.209014	822.470424	126.666667	364.502418	0.162943	0.119164
109.218118	822.470474	113.333333	364.502395	0.162943	0.119164
108.082961	822.470492	66.666667	364.502388	0.162943	0.119164
105.490454	822.470512	93.333333	364.502379	0.162943	0.119164
107.990806	822.470528	133.333333	364.502372	0.162943	0.119164
105.546076	822.470589	153.333333	364.502345	0.162943	0.119164
105.233498	822.470653	86.666667	364.502316	0.162943	0.119164
106.679695	822.470706	86.666667	364.502293	0.162943	0.119164
105.961712	822.470729	100.000000	364.502283	0.162943	0.119164
106.382910	822.470745	86.666667	364.502275	0.162943	0.119164
106.011776	822.470770	126.666667	364.502264	0.162943	0.119164
105.884320	822.470823	80.000000	364.502241	0.162943	0.119164
106.696240	822.470918	60.000000	364.502199	0.162943	0.119164
106.406603	822.470974	93.333333	364.502174	0.162943	0.119164
106.373802	822.471024	113.333333	364.502152	0.162943	0.119164
106.211987	822.471074	113.333333	364.502130	0.162943	0.119164
107.096810	822.471118	66.666667	364.502110	0.162943	0.119164
106.615543	822.471123	133.333333	364.502108	0.162943	0.119164
107.391466	822.471163	80.000000	364.502090	0.162943	0.119164
108.271205	822.471176	106.666667	364.502084	0.162943	0.119164
105.970013	822.471202	80.000000	364.502073	0.162943	0.119164
107.126296	822.471227	73.333333	364.502062	0.162943	0.119164
106.977834	822.471259	180.000000	364.502047	0.162943	0.119164
108.073935	822.471365	73.333333	364.502001	0.162943	0.119164
105.275475	822.471465	93.333333	364.501956	0.162943	0.119164
107.432247	822.471553	133.333333	364.501918	0.162943	0.119164
108.001370	822.471608	93.333333	364.501893	0.162943	0.119164
108.346556	822.471674	46.666667	364.501864	0.162943	0.119164
105.205515	822.471687	86.666667	364.501858	0.162943	0.120451
105.033813	822.471707	86.666667	364.501849	0.162943	0.119164
108.744236	822.471719	66.666667	364.501844	0.162943	0.119164
104.791453	822.471733	80.000000	364.501838	0.162943	0.119164
106.610771	822.471742	53.333333	364.501834	0.162943	0.119164
106.602541	822.471735	153.333333	364.501837	0.162943	0.119164
108.394209	822.471721	73.333333	364.501843	0.162943	0.119164
105.414816	822.471700	126.666667	364.501852	0.162943	0.119164
104.351828	822.471695	66.666667	364.501854	0.162943	0.119164
106.120018	822.471650	100.000000	364.501874	0.162943	0.119164
106.053113	822.471637	73.333333	364.501880	0.162943	0.119164
105.080570	822.471612	80.000000	364.501891	0.162943	0.119164
106.697074	822.471542	73.333333	364.501922	0.162943	0.119164
105.976945	822.471384	93.333333	364.501992	0.162943	0.119164
107.810608	822.471322	120.000000	364.502020	0.162943	0.119164
108.154237	822.471247	126.666667	364.502053	0.162943	0.117876
102.583534	822.471223	133.333333	364.502063	0.162943	0.117876
104.391445	822.471221	120.000000	364.502065	0.162943	0.117876
103.833781	822.471227	73.333333	364.502062	0.162943	0.117876
106.742428	822.471221	133.333333	364.502065	0.162943	0.119164
107.032195	822.471192	66.666667	364.502077	0.162943	0.119164
106.467445	822.471175	66.666667	364.502085	0.162943	0.117876
107.187590	822.471086	86.666667	364.502124	0.162943	0.117876
107.490339	822.470999	93.333333	364.502163	0.162943	0.117876
107.450542	822.470945	66.666667	364.502187	0.162943	0.117876
106.718073	822.470874	53.333333	364.502218	0.162943	0.119164
106.466173	822.470850	86.666667	364.502229	0.162943	0.117876
106.908144	822.470807	80.000000	364.502248	0.162943	0.117876
106.283026	822.470780	146.666667	364.502260	0.162943	0.117876
106.450266	822.470741	73.333333	364.502277	0.162943	0.117876
106.114933	822.470694	60.000000	364.502298	0.162943	0.117876
105.514974	822.470632	260.000000	364.502325	0.162943	0.117876
107.430955	822.470589	100.000000	364.502344	0.162943	0.117876
106.660536	822.470573	106.666667	364.502352	0.162943	0.117876
105.688454	822.470546	80.000000	364.502363	0.162943	0.116588
105.021008	822.470518	93.333333	364.502376	0.162943	0.117876
107.799753	822.470420	106.666667	364.502419	0.162943	0.117876
104.991463	822.470325	120.000000	364.502462	0.162943	0.115301
106.867231	822.470262	126.666667	364.502489	0.162943	0.116588
107.752434	822.470224	140.000000	364.502506	0.162943	0.116588
104.430678	822.470205	193.333333	364.502515	0.162943	0.116588
105.616100	822.470180	193.333333	364.502526	0.162943	0.115301
105.861614	822.470154	173.333333	364.502537	0.162943	0.116588
106.658958	822.470096	240.000000	364.502563	0.162943	0.116588
106.598177	822.470052	406.666667	364.502582	0.162943	0.116588
106.033874	822.470031	273.333333	364.502592	0.162943	0.115301
106.222060	822.469999	493.333333	364.502606	0.162943	0.116588
106.133233	822.469964	606.666667	364.502622	0.162943	0.116588
105.248231	822.469908	706.666667	364.502646	0.162943	0.115301
104.035917	822.469858	1086.666667	364.502669	0.162943	0.116588
104.918055	822.469786	1466.666667	364.502700	0.162943	0.116588
105.753799	822.469703	2813.333333	364.502737	0.162943	0.115301
103.554188	822.469625	3613.333333	364.502772	0.162943	0.116588
108.075487	822.469598	4373.333333	364.502784	0.162943	0.115301
103.848539	822.469572	4373.333333	364.502795	0.162943	0.116588
105.281237	822.469557	5233.333333	364.502802	0.161656	0.115301
105.674270	822.469541	5853.333333	364.502809	0.162943	0.116588
103.631094	822.469501	7466.666667	364.502827	0.162943	0.116588
105.744626	822.469394	10946.666667	364.502874	0.162943	0.116588
104.668749	822.469301	15220.000000	364.502916	0.162943	0.115301
104.552524	822.469267	17560.000000	364.502930	0.162943	0.115301
103.294139	822.469239	18940.000000	364.502943	0.162943	0.115301
104.998592	822.469238	19800.000000	364.502943	0.162943	0.115301
103.625349	822.469217	21826.666667	364.502953	0.162943	0.115301
104.785983	822.469171	23906.666667	364.502973	0.162943	0.115301
104.838689	822.469138	26380.000000	364.502987	0.162943	0.115301
104.352577	822.469111	28453.333333	364.503000	0.162943	0.115301
105.365969	822.469073	32380.000000	364.503016	0.162943	0.115301
105.403746	822.469038	33540.000000	364.503032	0.162943	0.115301
103.682480	822.468960	38300.000000	364.503067	0.162943	0.115301
102.385483	822.468818	43780.000000	364.503129	0.162943	0.115301
104.013532	822.468744	46253.333333	364.503162	0.162943	0.115301
105.634050	822.468734	48186.666667	364.503167	0.162943	0.115301
102.158059	822.468708	48186.666667	364.503178	0.162943	0.115301
103.927960	822.468704	48733.333333	364.503180	0.162943	0.116588
107.523770	822.468689	48900.000000	364.503186	0.161656	0.115301
103.286847	822.468671	49653.333333	364.503195	0.162943	0.115301
105.211325	822.468639	47826.666667	364.503209	0.162943	0.115301
103.598668	822.468571	45620.000000	364.503239	0.162943	0.116588
107.692830	822.468440	36833.333333	364.503297	0.161656	0.115301
105.861160	822.468321	30733.333333	364.503350	0.162943	0.115301
100.547769	822.468305	28346.666667	364.503357	0.162943	0.116588
102.637884	822.468296	27980.000000	364.503361	0.162943	0.115301
105.218591	822.468292	27920.000000	364.503363	0.162943	0.115301
109.012653	822.468284	27500.000000	364.503366	0.162943	0.115301
106.061279	822.468277	27686.666667	364.503369	0.162943	0.116588
103.435708	822.468260	25933.333333	364.503377	0.162943	0.115301
102.462895	822.468224	25200.000000	364.503393	0.162943	0.115301
106.444091	822.468154	20506.666667	364.503424	0.162943	0.115301
105.393946	822.468009	15033.333333	364.503488	0.161656	0.115301
106.151890	822.467948	10066.666667	364.503515	0.161656	0.115301
105.802637	822.467865	6886.666667	364.503552	0.162943	0.115301
107.100149	822.467844	5140.000000	364.503561	0.162943	0.115301
103.069794	822.467805	4260.000000	364.503578	0.162943	0.115301
106.427929	822.467795	3613.333333	364.503583	0.162943	0.115301
107.494553	822.467777	4040.000000	364.503591	0.161656	0.115301
104.443711	822.467749	3400.000000	364.503603	0.161656	0.115301
107.881882	822.467735	2893.333333	364.503609	0.162943	0.115301
107.794198	822.467693	2620.000000	364.503628	0.162943	0.115301
103.696486	822.467660	2193.333333	364.503643	0.161656	0.115301
106.478726	822.467609	1700.000000	364.503665	0.161656	0.115301
105.531002	822.467510	1233.333333	364.503709	0.162943	0.115301
107.121251	822.467389	453.333333	364.503763	0.162943	0.115301
106.200369	822.467361	353.333333	364.503775	0.162943	0.115301
104.448283	822.467358	360.000000	364.503777	0.162943	0.115301
102.697631	822.467357	393.333333	364.503777	0.161656	0.115301
102.174754	822.467346	286.666667	364.503782	0.161656	0.114013
102.034045	822.467318	226.666667	364.503794	0.162943	0.115301
105.089274	822.467262	180.000000	364.503819	0.162943	0.115301
105.206943	822.467135	186.666667	364.503875	0.162943	0.115301
104.254485	822.466966	153.333333	364.503950	0.162943	0.115301
103.426319	822.466961	66.666667	364.503952	0.161656	0.115301
108.047212	822.466918	93.333333	364.503971	0.162943	0.115301
106.214105	822.466897	93.333333	364.503981	0.161656	0.114013
103.442367	822.466878	120.000000	364.503989	0.161656	0.114013
104.651743	822.466873	106.666667	364.503992	0.161656	0.115301
109.168465	822.466863	80.000000	364.503996	0.161656	0.115301
102.472407	822.466877	100.000000	364.503990	0.162943	0.115301
103.749204	822.466885	86.666667	364.503986	0.161656	0.116588
107.031329	822.466900	93.333333	364.503979	0.161656	0.115301
105.094954	822.466926	106.666667	364.503968	0.161656	0.115301
104.267757	822.467036	153.333333	364.503919	0.161656	0.115301
104.981955	822.467143	180.000000	364.503872	0.161656	0.114013
106.678551	822.467285	246.666667	364.503809	0.162943	0.115301
108.470876	822.467308	233.333333	364.503799	0.162943	0.115301
103.207256	822.467317	293.333333	364.503795	0.161656	0.115301
105.532863	822.467326	240.000000	364.503790	0.162943	0.115301
106.196601	822.467346	346.666667	364.503782	0.161656	0.115301
101.714775	822.467374	360.000000	364.503769	0.161656	0.115301
106.686867	822.467367	326.666667	364.503773	0.162943	0.115301
105.483121	822.467537	913.333333	364.503697	0.162943	0.115301
106.213381	822.467596	1286.666667	364.503671	0.161656	0.114013
106.256222	822.467618	1633.333333	364.503661	0.162943	0.115301
105.628090	822.467657	1953.333333	364.503644	0.161656	0.115301
103.936291	822.467698	2420.000000	364.503626	0.162943	0.116588
102.970667	822.467761	3613.333333	364.503598	0.162943	0.115301
106.956314	822.467796	3860.000000	364.503582	0.161656	0.115301
104.090548	822.467810	3986.666667	364.503576	0.162943	0.115301
107.726186	822.467800	3833.333333	364.503581	0.161656	0.115301
105.014804	822.467807	3800.000000	364.503577	0.162943	0.115301
102.573979	822.467853	5906.666667	364.503557	0.161656	0.115301
107.535839	822.468076	13013.333333	364.503458	0.161656	0.115301
105.845962	822.468069	14306.666667	364.503461	0.161656	0.116588
105.313174	822.468117	16560.000000	364.503440	0.162943	0.116588
108.682259	822.468149	18613.333333	364.503426	0.162943	0.115301
103.522149	822.468185	19240.000000	364.503410	0.162943	0.115301
105.147413	822.468192	20493.333333	364.503407	0.162943	0.115301
105.411359	822.468192	21660.000000	364.503407	0.162943	0.115301
103.817585	822.468231	23313.333333	364.503389	0.162943	0.115301
102.329035	822.468298	26520.000000	364.503360	0.161656	0.115301
104.811595	822.468448	36593.333333	364.503293	0.162943	0.115301
103.215776	822.468507	42520.000000	364.503267	0.162943	0.116588
106.591929	822.468514	43453.333333	364.503264	0.162943	0.115301
105.617466	822.468538	45006.666667	364.503253	0.162943	0.115301
104.159920	822.468545	44526.666667	364.503250	0.162943	0.115301
105.601450	822.468575	45453.333333	364.503237	0.162943	0.115301
105.909295	822.468611	45546.666667	364.503221	0.162943	0.115301
105.345822	822.468672	47640.000000	364.503194	0.162943	0.115301
105.048454	822.468769	46746.666667	364.503151	0.162943	0.115301
105.220433	822.468889	43466.666667	364.503098	0.162943	0.115301
104.693051	822.468958	39426.666667	364.503067	0.162943	0.116588
104.511821	822.468995	37346.666667	364.503051	0.161656	0.115301
107.170201	822.469006	37506.666667	364.503046	0.162943	0.115301
103.965052	822.469030	35286.666667	364.503035	0.162943	0.115301
103.926711	822.469041	33713.333333	364.503030	0.162943	0.115301
104.583473	822.469120	30353.333333	364.502996	0.162943	0.114013
104.447965	822.469156	26660.000000	364.502980	0.162943	0.115301
106.592178	822.469192	23960.000000	364.502964	0.162943	0.115301
103.367719	822.469207	22406.666667	364.502957	0.162943	0.116588
106.220383	822.469230	20780.000000	364.502947	0.161656	0.115301
103.656782	822.469254	18826.666667	364.502936	0.162943	0.115301
106.310589	822.469318	16560.000000	364.502908	0.162943	0.115301
105.424542	822.469418	11393.333333	364.502864	0.162943	0.115301
105.068538	822.469463	8306.666667	364.502844	0.162943	0.115301
106.041437	822.469490	7426.666667	364.502832	0.162943	0.115301
104.600462	822.469525	6406.666667	364.502816	0.162943	0.115301
104.548234	822.469573	5453.333333	364.502795	0.162943	0.115301
105.433265	822.469636	4280.000000	364.502767	0.162943	0.115301
103.919030	822.469655	3220.000000	364.502759	0.162943	0.114013
105.876157	822.469689	2720.000000	364.502743	0.162943	0.114013
105.427588	822.469758	2213.333333	364.502713	0.162943	0.115301
105.914968	822.469867	1493.333333	364.502664	0.162943	0.116588
105.993246	822.469931	853.333333	364.502636	0.162943	0.115301
104.293684	822.469970	580.000000	364.502619	0.162943	0.115301
106.112569	822.469985	406.666667	364.502612	0.162943	0.116588
105.650195	822.470017	466.666667	364.502598	0.162943	0.115301
104.311057	822.470026	406.666667	364.502594	0.162943	0.115301
104.930629	822.470062	273.333333	364.502578	0.162943	0.115301
105.358804	822.470073	313.333333	364.502573	0.162943	0.115301
105.754580	822.470102	213.333333	364.502560	0.161656	0.115301
104.847356	822.470168	273.333333	364.502531	0.162943	0.115301
105.438281	822.470234	146.666667	364.502502	0.162943	0.115301
105.954992	822.470330	66.666667	364.502459	0.162943	0.115301
106.815019	822.470385	220.000000	364.502435	0.162943	0.115301
105.552154	822.470423	153.333333	364.502418	0.162943	0.115301
106.438596	822.470471	100.000000	364.502397	0.162943	0.116588
106.847202	822.470515	146.666667	364.502377	0.162943	0.115301
106.924069	822.470569	100.000000	364.502353	0.161656	0.116588
105.668270	822.470607	166.666667	364.502336	0.161656	0.115301
105.875364	822.470665	120.000000	364.502311	0.162943	0.115301
106.739270	822.470687	126.666667	364.502301	0.162943	0.115301
103.631885	822.470693	106.666667	364.502299	0.162943	0.115301
106.927480	822.470717	73.333333	364.502288	0.162943	0.115301
105.345201	822.470758	86.666667	364.502270	0.162943	0.115301
106.209814	822.470844	106.666667	364.502232	0.162943	0.115301
105.279363	822.470943	113.333333	364.502188	0.162943	0.115301
106.518184	822.470993	106.666667	364.502165	0.162943	0.115301
106.155993	822.471026	106.666667	364.502151	0.162943	0.116588
104.688235	822.471058	46.666667	364.502136	0.162943	0.116588
105.625873	822.471086	126.666667	364.502124	0.162943	0.115301
109.144559	822.471132	106.666667	364.502104	0.162943	0.115301
107.741300	822.471122	113.333333	364.502108	0.162943	0.115301
105.206500	822.471150	46.666667	364.502096	0.162943	0.115301
108.297361	822.471193	73.333333	364.502077	0.162943	0.115301
105.732547	822.471274	100.000000	364.502041	0.162943	0.115301
107.368276	822.471385	93.333333	364.501992	0.162943	0.115301
105.295749	822.471470	193.333333	364.501954	0.162943	0.115301
107.041342	822.471497	60.000000	364.501942	0.162943	0.115301
104.565721	822.471506	53.333333	364.501938	0.162943	0.116588
107.307595	822.471545	93.333333	364.501921	0.162943	0.116588
106.306557	822.471591	86.666667	364.501900	0.162943	0.116588
106.370229	822.471646	66.666667	364.501876	0.162943	0.115301
104.332347	822.471662	33.333333	364.501869	0.162943	0.116588
105.448216	822.471679	60.000000	364.501862	0.162943	0.116588
107.131067	822.471751	126.666667	364.501830	0.162943	0.115301
107.825670	822.471865	80.000000	364.501779	0.162943	0.115301
103.242041	822.471906	113.333333	364.501761	0.162943	0.115301
104.098863	822.471906	53.333333	364.501761	0.162943	0.115301
108.262442	822.471869	120.000000	364.501777	0.162943	0.115301
104.848653	822.471779	186.666667	364.501817	0.162943	0.115301
106.056843	822.471691	60.000000	364.501856	0.162943	0.115301
106.370492	822.471637	240.000000	364.501880	0.162943	0.115301
107.572304	822.471616	126.666667	364.501889	0.162943	0.115301
105.002501	822.471594	80.000000	364.501899	0.162943	0.116588
106.049277	822.471586	60.000000	364.501903	0.162943	0.115301
108.515463	822.471566	80.000000	364.501911	0.162943	0.115301
104.854961	822.471539	113.333333	364.501924	0.162943	0.115301
109.014660	822.471512	40.000000	364.501936	0.162943	0.115301
107.211773	822.471449	66.666667	364.501963	0.162943	0.115301
107.177525	822.471342	73.333333	364.502011	0.162943	0.115301
105.201079	822.471241	113.333333	364.502056	0.162943	0.115301
106.270729	822.471195	73.333333	364.502076	0.162943	0.115301
106.319391	822.471157	106.666667	364.502093	0.162943	0.115301
106.653739	822.471112	60.000000	364.502113	0.162943	0.115301
105.331947	822.471076	73.333333	364.502129	0.162943	0.115301
105.523246	822.471051	100.000000	364.502140	0.162943	0.115301
107.094189	822.471039	146.666667	364.502145	0.162943	0.115301
106.482838	822.471021	100.000000	364.502153	0.162943	0.115301
107.013799	822.470977	60.000000	364.502173	0.162943	0.115301
105.690272	822.470868	93.333333	364.502221	0.162943	0.115301
108.344689	822.470793	80.000000	364.502254	0.162943	0.115301
106.733655	822.470772	100.000000	364.502263	0.162943	0.114013
104.344194	822.470747	200.000000	364.502275	0.162943	0.115301
109.047830	822.470730	66.666667	364.502282	0.162943	0.115301
105.721137	822.470695	100.000000	364.502298	0.162943	0.115301
106.249416	822.470623	160.000000	364.502329	0.162943	0.115301
107.291572	822.470559	80.000000	364.502358	0.162943	0.116588
107.951366	822.470545	86.666667	364.502364	0.162943	0.115301
105.896949	822.470523	86.666667	364.502374	0.162943	0.115301
105.895971	822.470487	80.000000	364.502390	0.162943	0.115301
107.635439	822.470338	140.000000	364.502456	0.162943	0.115301
108.415431	822.470262	140.000000	364.502490	0.162943	0.116588
104.936384	822.470234	220.000000	364.502502	0.162943	0.115301
107.489424	822.470222	206.666667	364.502507	0.162943	0.115301
108.969516	822.470211	140.000000	364.502512	0.162943	0.115301
104.740933	822.470184	266.666667	364.502524	0.162943	0.115301
106.772703	822.470149	240.000000	364.502539	0.162943	0.115301
108.142814	822.470089	300.000000	364.502566	0.161656	0.115301
105.506817	822.470048	260.000000	364.502584	0.162943	0.115301
108.281160	822.470024	486.666667	364.502595	0.162943	0.115301
105.623242	822.469990	513.333333	364.502610	0.161656	0.115301
106.371873	822.469901	760.000000	364.502649	0.162943	0.115301
107.629461	822.469778	1406.666667	364.502704	0.161656	0.115301
108.275123	822.469757	1813.333333	364.502713	0.162943	0.115301
105.091943	822.469725	2160.000000	364.502727	0.162943	0.116588
106.308116	822.469693	2386.666667	364.502742	0.162943	0.115301
105.400307	822.469668	3093.333333	364.502753	0.162943	0.116588
106.185848	822.469624	3646.666667	364.502772	0.162943	0.115301
106.756185	822.469569	4633.333333	364.502797	0.162943	0.115301
105.381949	822.469533	5466.666667	364.502813	0.162943	0.115301
106.316666	822.469461	7866.666667	364.502844	0.162943	0.115301
105.183430	822.469384	10593.333333	364.502878	0.162943	0.116588
106.785932	822.469355	13300.000000	364.502891	0.162943	0.115301
105.049606	822.469317	14266.666667	364.502908	0.162943	0.115301
105.346066	822.469273	17000.000000	364.502928	0.162943	0.116588
105.871984	822.469221	20486.666667	364.502951	0.161656	0.116588
104.769424	822.469179	23220.000000	364.502970	0.161656	0.115301
107.395483	822.469155	25173.333333	364.502980	0.161656	0.115301
103.737817	822.469135	27160.000000	364.502989	0.162943	0.115301
103.841627	822.469125	28240.000000	364.502994	0.162943	0.116588
109.466519	822.469109	29860.000000	364.503001	0.162943	0.115301
103.949205	822.469081	31500.000000	364.503013	0.162943	0.115301
104.687791	822.468955	37406.666667	364.503069	0.161656	0.116588
105.517297	822.468823	45333.333333	364.503127	0.161656	0.115301
108.574447	822.468788	47826.666667	364.503143	0.162943	0.115301
104.994263	822.468763	47873.333333	364.503154	0.161656	0.115301
107.935854	822.468751	49073.333333	364.503159	0.161656	0.115301
106.814585	822.468712	49353.333333	364.503176	0.162943	0.115301
106.083416	822.468682	47946.666667	364.503190	0.162943	0.115301
106.369181	822.468643	47533.333333	364.503207	0.162943	0.115301
106.439925	822.468591	47993.333333	364.503230	0.161656	0.115301
106.714701	822.468514	41346.666667	364.503264	0.162943	0.115301
106.755803	822.468355	32160.000000	364.503335	0.162943	0.115301
106.072059	822.468330	30426.666667	364.503346	0.161656	0.115301
103.230311	822.468321	29873.333333	364.503350	0.161656	0.115301
103.720937	822.468308	28526.666667	364.503355	0.162943	0.116588
107.920258	822.468305	28680.000000	364.503357	0.161656	0.115301
108.019563	822.468286	27420.000000	364.503365	0.161656	0.116588
103.200074	822.468273	27486.666667	364.503371	0.161656	0.115301
102.729431	822.468265	26446.666667	364.503375	0.161656	0.115301
104.096161	822.468224	24353.333333	364.503393	0.162943	0.115301
106.878353	822.468111	19620.000000	364.503443	0.161656	0.115301
105.905558	822.468018	13853.333333	364.503484	0.162943	0.116588
105.956367	822.467912	8926.666667	364.503531	0.161656	0.115301
104.401672	822.467874	6506.666667	364.503548	0.161656	0.116588
106.167631	822.467841	5153.333333	364.503562	0.162943	0.116588
103.143239	822.467811	4400.000000	364.503576	0.161656	0.116588
107.663153	822.467793	3673.333333	364.503584	0.162943	0.116588
102.478232	822.467763	3873.333333	364.503597	0.161656	0.116588
105.091927	822.467752	3100.000000	364.503602	0.162943	0.116588
106.999285	822.467721	2773.333333	364.503615	0.161656	0.115301
103.482832	822.467712	2660.000000	364.503620	0.161656	0.116588
106.326144	822.467649	2153.333333	364.503648	0.161656	0.116588
104.361417	822.467520	1526.666667	364.503705	0.161656	0.116588
103.649913	822.467436	720.000000	364.503742	0.162943	0.116588
105.538669	822.467403	486.666667	364.503757	0.161656	0.116588
107.226439	822.467379	333.333333	364.503767	0.161656	0.116588
104.697738	822.467351	333.333333	364.503780	0.161656	0.115301
107.072429	822.467335	280.000000	364.503787	0.161656	0.116588
105.805286	822.467305	293.333333	364.503800	0.161656	0.116588
105.248321	822.467282	180.000000	364.503810	0.162943	0.116588
105.487284	822.467219	173.333333	364.503838	0.162943	0.116588
105.917056	822.467052	120.000000	364.503912	0.161656	0.116588
106.962497	822.466947	133.333333	364.503959	0.161656	0.116588
104.996933	822.466908	126.666667	364.503976	0.162943	0.116588
103.812217	822.466905	126.666667	364.503977	0.161656	0.116588
101.322827	822.466900	133.333333	364.503979	0.162943	0.116588
106.504053	822.466892	180.000000	364.503983	0.161656	0.116588
104.255506	822.466887	93.333333	364.503985	0.161656	0.116588
102.202918	822.466898	153.333333	364.503980	0.161656	0.116588
104.898986	822.466904	53.333333	364.503978	0.161656	0.116588
104.262517	822.466931	133.333333	364.503966	0.162943	0.116588
106.394208	822.466971	106.666667	364.503948	0.161656	0.116588
105.088479	822.467033	126.666667	364.503920	0.161656	0.116588
104.994597	822.467171	220.000000	364.503859	0.161656	0.116588
102.749620	822.467282	206.666667	364.503810	0.162943	0.116588
104.440343	822.467305	293.333333	364.503800	0.161656	0.116588
105.750537	822.467329	240.000000	364.503789	0.161656	0.116588
102.797735	822.467348	266.666667	364.503781	0.161656	0.115301
104.819027	822.467360	306.666667	364.503776	0.162943	0.116588
107.894536	822.467368	393.333333	364.503772	0.161656	0.116588
103.232536	822.467386	446.666667	364.503764	0.161656	0.116588
105.330053	822.467448	420.000000	364.503737	0.162943	0.116588
105.019384	822.467569	1233.333333	364.503683	0.161656	0.116588
107.325760	822.467626	1540.000000	364.503658	0.161656	0.116588
104.649622	822.467672	1886.666667	364.503637	0.161656	0.116588
105.967107	822.467724	2686.666667	364.503614	0.161656	0.116588
107.652960	822.467798	3666.666667	364.503582	0.161656	0.116588
106.097710	822.467815	4713.333333	364.503574	0.161656	0.116588
103.817281	822.467834	4740.000000	364.503566	0.162943	0.116588
109.552791	822.467848	5093.333333	364.503559	0.161656	0.116588
104.318942	822.467863	5700.000000	364.503553	0.161656	0.116588
104.219207	822.467872	5866.666667	364.503549	0.161656	0.115301
109.031156	822.467896	6880.000000	364.503538	0.162943	0.116588
106.879133	822.467966	8366.666667	364.503507	0.162943	0.116588
106.041614	822.468083	15900.000000	364.503455	0.161656	0.116588
105.468689	822.468210	22346.666667	364.503399	0.161656	0.115301
105.476860	822.468240	24366.666667	364.503385	0.161656	0.115301
106.555437	822.468264	25753.333333	364.503375	0.162943	0.116588
104.211912	822.468274	27660.000000	364.503371	0.162943	0.116588
107.401189	822.468307	28813.333333	364.503356	0.161656	0.116588
105.490141	822.468327	29313.333333	364.503347	0.161656	0.115301
107.370258	822.468339	31293.333333	364.503342	0.161656	0.115301
104.450100	822.468374	33166.666667	364.503326	0.161656	0.115301
107.283624	822.468428	35073.333333	364.503302	0.162943	0.115301
107.219538	822.468567	40346.666667	364.503240	0.161656	0.115301
106.817738	822.468642	46166.666667	364.503207	0.161656	0.116588
103.945321	822.468699	49286.666667	364.503182	0.162943	0.115301
105.323488	822.468735	48780.000000	364.503166	0.161656	0.115301
108.967062	822.468752	49686.666667	364.503159	0.162943	0.115301
106.966928	822.468755	49653.333333	364.503157	0.162943	0.115301
103.408007	822.468766	47920.000000	364.503152	0.161656	0.115301
109.863239	822.468787	48453.333333	364.503143	0.162943	0.116588
106.024631	822.468800	46713.333333	364.503138	0.162943	0.115301
106.208260	822.468923	42220.000000	364.503083	0.162943	0.115301
105.446551	822.469009	35613.333333	364.503045	0.161656	0.115301
110.912319	822.469103	30973.333333	364.503003	0.162943	0.120451
109.238458	822.469117	29720.000000	364.502997	0.161656	0.119164
105.201358	822.469136	28133.333333	364.502988	0.162943	0.119164
108.455503	822.469155	26813.333333	364.502980	0.162943	0.116588
106.217521	822.469211	22526.666667	364.502955	0.162943	0.117876
107.151279	822.469275	19973.333333	364.502927	0.162943	0.117876
106.235193	822.469293	17013.333333	364.502919	0.161656	0.117876
105.289225	822.469316	15593.333333	364.502909	0.162943	0.116588
108.308355	822.469362	13420.000000	364.502888	0.161656	0.116588
106.660029	822.469365	12300.000000	364.502887	0.162943	0.116588
107.269334	822.469491	8220.000000	364.502831	0.161656	0.116588
106.777260	822.469547	6460.000000	364.502806	0.162943	0.117876
105.759317	822.469588	5220.000000	364.502788	0.162943	0.116588
108.600900	822.469606	4246.666667	364.502780	0.162943	0.116588
106.677941	822.469635	3793.333333	364.502767	0.161656	0.116588
107.695188	822.469676	2900.000000	364.502749	0.162943	0.116588
106.830075	822.469716	2293.333333	364.502731	0.162943	0.116588
106.864263	822.469778	1840.000000	364.502704	0.162943	0.116588
106.025824	822.469839	1546.666667	364.502677	0.161656	0.116588
106.282790	822.469963	713.333333	364.502622	0.162943	0.115301
107.820337	822.469994	446.666667	364.502608	0.162943	0.116588
104.111663	822.470021	393.333333	364.502596	0.162943	0.116588
105.773518	822.470022	380.000000	364.502596	0.161656	0.115301
109.201891	822.470048	420.000000	364.502584	0.162943	0.115301
105.509441	822.470106	346.666667	364.502558	0.161656	0.115301
107.060056	822.470168	180.000000	364.502531	0.162943	0.115301
107.232081	822.470206	220.000000	364.502514	0.162943	0.116588
107.450752	822.470229	160.000000	364.502504	0.162943	0.115301
105.850713	822.470252	173.333333	364.502494	0.162943	0.115301
106.805955	822.470310	126.666667	364.502468	0.162943	0.115301
107.019452	822.470447	133.333333	364.502408	0.162943	0.115301
106.193020	822.470494	200.000000	364.502387	0.162943	0.115301
108.023650	822.470531	93.333333	364.502370	0.162943	0.115301
105.092752	822.470548	86.666667	364.502363	0.162943	0.115301
107.423330	822.470583	200.000000	364.502347	0.162943	0.115301
106.683486	822.470619	233.333333	364.502331	0.162943	0.115301
106.550570	822.470654	153.333333	364.502316	0.162943	0.115301
107.167297	822.470687	46.666667	364.502301	0.162943	0.115301
106.668073	822.470746	86.666667	364.502275	0.162943	0.115301
105.802990	822.470820	73.333333	364.502242	0.162943	0.115301
105.396371	822.470865	93.333333	364.502222	0.162943	0.115301
105.752080	822.470913	106.666667	364.502201	0.162943	0.115301
104.843587	822.470969	126.666667	364.502176	0.162943	0.115301
104.687402	822.471013	120.000000	364.502157	0.162943	0.114013
105.923956	822.471088	100.000000	364.502124	0.162943	0.114013
106.401795	822.471131	106.666667	364.502105	0.162943	0.115301
105.948824	822.471172	113.333333	364.502086	0.162943	0.115301
105.551863	822.471197	86.666667	364.502075	0.162943	0.115301
105.935812	822.471195	73.333333	364.502076	0.162943	0.115301
108.276442	822.471224	73.333333	364.502063	0.162943	0.115301
103.143491	822.471235	106.666667	364.502058	0.162943	0.115301
106.633216	822.471357	86.666667	364.502004	0.162943	0.115301
105.875612	822.471493	80.000000	364.501944	0.162943	0.115301
106.982070	822.471537	173.333333	364.501925	0.162943	0.115301
104.976268	822.471558	46.666667	364.501915	0.161656	0.115301
107.997355	822.471584	60.000000	364.501903	0.162943	0.115301
107.571352	822.471624	86.666667	364.501886	0.162943	0.115301
107.198822	822.471654	86.666667	364.501872	0.162943	0.115301
106.339448	822.471678	60.000000	364.501862	0.162943	0.116588
106.467968	822.471702	133.333333	364.501851	0.162943	0.114013
105.723869	822.471739	66.666667	364.501835	0.162943	0.116588
105.459282	822.471801	46.666667	364.501808	0.162943	0.115301
104.817177	822.471928	100.000000	364.501751	0.162943	0.115301
104.847490	822.471930	73.333333	364.501750	0.162943	0.115301
104.847489	822.471843	93.333333	364.501789	0.162943	0.116588
104.440277	822.471777	126.666667	364.501818	0.162943	0.116588
105.865363	822.471753	193.333333	364.501829	0.162943	0.116588
107.832248	822.471733	126.666667	364.501837	0.162943	0.115301
105.314870	822.471701	93.333333	364.501852	0.162943	0.116588
107.864643	822.471676	93.333333	364.501863	0.162943	0.116588
106.977234	822.471637	66.666667	364.501880	0.162943	0.116588
108.366228	822.471605	113.333333	364.501894	0.162943	0.116588
106.523709	822.471580	240.000000	364.501905	0.162943	0.116588
107.133718	822.471553	126.666667	364.501917	0.162943	0.116588
107.846392	822.471473	106.666667	364.501953	0.162943	0.116588
106.183528	822.471354	146.666667	364.502005	0.162943	0.116588
106.902020	822.471263	66.666667	364.502046	0.162943	0.116588
104.778770	822.471250	100.000000	364.502052	0.162943	0.116588
106.955929	822.471242	53.333333	364.502055	0.162943	0.116588
106.925120	822.471211	80.000000	364.502069	0.162943	0.116588
106.147304	822.471202	66.666667	364.502073	0.162943	0.116588
106.213795	822.471161	113.333333	364.502091	0.162943	0.117876
107.512239	822.471068	93.333333	364.502132	0.162943	0.116588
107.768937	822.471038	73.333333	364.502146	0.162943	0.117876
107.072080	822.471016	146.666667	364.502155	0.162943	0.116588
105.683026	822.470981	66.666667	364.502171	0.162943	0.117876
107.060468	822.470891	86.666667	364.502211	0.162943	0.116588
104.557823	822.470808	46.666667	364.502248	0.162943	0.116588
105.542082	822.470780	120.000000	364.502260	0.162943	0.117876
105.533283	822.470778	66.666667	364.502261	0.162943	0.117876
105.537792	822.470753	66.666667	364.502272	0.162943	0.117876
105.398312	822.470720	80.000000	364.502286	0.162943	0.117876
105.162518	822.470671	93.333333	364.502308	0.162943	0.117876
108.153686	822.470603	100.000000	364.502339	0.162943	0.117876
104.867440	822.470567	73.333333	364.502354	0.161656	0.117876
106.450980	822.470541	120.000000	364.502366	0.162943	0.119164
107.379228	822.470515	106.666667	364.502377	0.161656	0.117876
105.802053	822.470418	200.000000	364.502420	0.162943	0.117876
105.838501	822.470295	113.333333	364.502475	0.162943	0.117876
106.055033	822.470250	206.666667	364.502495	0.162943	0.117876
106.870776	822.470230	133.333333	364.502504	0.162943	0.117876
107.572485	822.470212	166.666667	364.502512	0.161656	0.117876
105.405593	822.470193	160.000000	364.502520	0.162943	0.119164
107.641229	822.470176	220.000000	364.502528	0.162943	0.117876
104.525628	822.470131	206.666667	364.502547	0.162943	0.119164
106.471042	822.470086	333.333333	364.502568	0.162943	0.119164
105.054894	822.470053	326.666667	364.502582	0.162943	0.119164
107.137011	822.470031	353.333333	364.502592	0.162943	0.117876
104.860684	822.469973	466.666667	364.502618	0.162943	0.119164
105.025073	822.469870	1146.666667	364.502663	0.162943	0.119164
106.896197	822.469777	1353.333333	364.502704	0.162943	0.117876
107.768976	822.469725	1906.666667	364.502728	0.162943	0.119164
105.730868	822.469699	2506.666667	364.502739	0.162943	0.119164
106.135818	822.469656	3200.000000	364.502758	0.162943	0.119164
105.538614	822.469635	3526.666667	364.502767	0.162943	0.119164
105.318972	822.469591	4273.333333	364.502787	0.161656	0.119164
106.402113	822.469544	5920.000000	364.502808	0.162943	0.119164
105.607387	822.469446	8520.000000	364.502851	0.162943	0.116588
106.828802	822.469400	10493.333333	364.502872	0.162943	0.116588
105.469238	822.469358	12853.333333	364.502890	0.161656	0.117876
104.780750	822.469312	14346.666667	364.502910	0.161656	0.116588
107.671885	822.469292	15760.000000	364.502919	0.162943	0.116588
106.847200	822.469245	18360.000000	364.502940	0.161656	0.117876
105.590528	822.469229	20420.000000	364.502947	0.161656	0.119164
104.204888	822.469193	21673.333333	364.502963	0.162943	0.116588
105.460966	822.469177	23920.000000	364.502970	0.162943	0.116588
103.863074	822.469151	26453.333333	364.502982	0.161656	0.117876
108.789624	822.469110	28380.000000	364.503000	0.162943	0.117876
103.886249	822.469083	31326.666667	364.503012	0.162943	0.116588
108.514249	822.469047	32540.000000	364.503028	0.162943	0.117876
107.330489	822.468970	37106.666667	364.503062	0.161656	0.117876
104.857351	822.468808	42646.666667	364.503134	0.161656	0.117876
106.072172	822.468743	46006.666667	364.503163	0.161656	0.117876
105.105742	822.468698	47946.666667	364.503183	0.161656	0.117876
104.835615	822.468681	48480.000000	364.503190	0.161656	0.117876
106.882313	822.468657	47653.333333	364.503201	0.162943	0.117876
103.175659	822.468637	49500.000000	364.503210	0.162943	0.117876
104.760299	822.468636	49226.666667	364.503210	0.162943	0.117876
106.631884	822.468611	48926.666667	364.503221	0.161656	0.117876
104.619557	822.468489	41580.000000	364.503275	0.161656	0.117876
104.750890	822.468369	34506.666667	364.503329	0.161656	0.117876
108.122675	822.468349	32106.666667	364.503337	0.161656	0.117876
108.946843	822.468326	30960.000000	364.503348	0.162943	0.117876
104.894410	822.468296	28666.666667	364.503361	0.161656	0.117876
106.890372	822.468286	27113.333333	364.503365	0.162943	0.117876
105.922703	822.468236	24993.333333	364.503387	0.161656	0.117876
106.205266	822.468193	21800.000000	364.503406	0.161656	0.117876
107.896796	822.468154	19226.666667	364.503424	0.161656	0.117876
103.688999	822.468128	17500.000000	364.503435	0.161656	0.117876
108.764675	822.468105	16133.333333	364.503445	0.161656	0.117876
105.959261	822.468059	15173.333333	364.503466	0.161656	0.119164
106.533582	822.468015	12006.666667	364.503485	0.161656	0.117876
105.107593	822.467879	7773.333333	364.503546	0.162943	0.117876
106.270280	822.467777	4306.666667	364.503591	0.162943	0.117876
103.111132	822.467755	3380.000000	364.503600	0.161656	0.117876
107.972207	822.467730	2960.000000	364.503612	0.162943	0.117876
105.291774	822.467711	2393.333333	364.503620	0.161656	0.117876
105.537633	822.467701	2373.333333	364.503624	0.161656	0.117876
105.884223	822.467676	2153.333333	364.503636	0.161656	0.117876
106.355727	822.467622	1486.666667	364.503659	0.161656	0.117876
105.546950	822.467540	986.666667	364.503696	0.162943	0.117876
106.076103	822.467412	706.666667	364.503753	0.161656	0.117876
103.743773	822.467365	493.333333	364.503773	0.161656	0.117876
101.007330	822.467337	373.333333	364.503786	0.161656	0.117876
106.015429	822.467324	293.333333	364.503792	0.161656	0.117876
104.390168	822.467299	233.333333	364.503803	0.162943	0.117876
104.019615	822.467251	333.333333	364.503824	0.161656	0.117876
106.253381	822.467221	246.666667	364.503837	0.161656	0.117876
104.908433	822.467157	180.000000	364.503866	0.161656	0.117876
103.386716	822.467094	140.000000	364.503894	0.161656	0.117876
103.760668	822.466988	146.666667	364.503940	0.161656	0.117876
104.373660	822.466904	106.666667	364.503978	0.161656	0.117876
107.542332	822.466812	73.333333	364.504018	0.161656	0.116588
102.397874	822.466782	133.333333	364.504032	0.161656	0.116588
105.018198	822.466768	140.000000	364.504038	0.162943	0.116588
103.954837	822.466866	106.666667	364.503994	0.161656	0.117876
104.973366	822.466997	100.000000	364.503937	0.161656	0.116588
105.379969	822.467038	173.333333	364.503918	0.161656	0.117876
105.774808	822.467074	160.000000	364.503903	0.161656	0.116588
104.667753	822.467128	166.666667	364.503878	0.162943	0.116588
104.563798	822.467154	93.333333	364.503867	0.162943	0.116588
105.747971	822.467195	193.333333	364.503849	0.162943	0.116588
103.514363	822.467222	120.000000	364.503837	0.161656	0.116588
104.751691	822.467242	206.666667	364.503828	0.162943	0.116588
101.786026	822.467254	193.333333	364.503823	0.162943	0.116588
104.309738	822.467298	226.666667	364.503803	0.161656	0.116588
104.469588	822.467405	546.666667	364.503755	0.161656	0.116588
102.792464	822.467515	800.000000	364.503707	0.161656	0.116588
105.007267	822.467525	940.000000	364.503703	0.162943	0.116588
107.450480	822.467541	786.666667	364.503695	0.162943	0.116588
103.002086	822.467556	1080.000000	364.503689	0.161656	0.116588
102.808035	822.467565	1013.333333	364.503685	0.161656	0.116588
107.839137	822.467579	1100.000000	364.503678	0.161656	0.116588
104.629483	822.467597	1240.000000	364.503670	0.161656	0.116588
104.352414	822.467646	1753.333333	364.503649	0.161656	0.116588
105.100896	822.467742	3173.333333	364.503606	0.162943	0.116588
104.441080	822.467840	5346.666667	364.503563	0.162943	0.116588
104.354965	822.467931	8033.333333	364.503523	0.161656	0.116588
105.265357	822.467981	9533.333333	364.503500	0.161656	0.116588
108.492532	822.468013	10393.333333	364.503486	0.162943	0.116588
104.983880	822.468030	11773.333333	364.503479	0.162943	0.116588
105.429470	822.468055	12586.666667	364.503468	0.161656	0.116588
103.733935	822.468080	14513.333333	364.503456	0.161656	0.116588
104.289277	822.468086	14760.000000	364.503454	0.162943	0.115301
107.589071	822.468112	15520.000000	364.503442	0.161656	0.115301
106.085740	822.468164	17373.333333	364.503419	0.161656	0.115301
107.636545	822.468301	26060.000000	364.503358	0.162943	0.115301
107.909977	822.468408	34693.333333	364.503311	0.162943	0.115301
100.991728	822.468439	39400.000000	364.503297	0.161656	0.116588
105.207037	822.468454	40873.333333	364.503291	0.162943	0.115301
107.771836	822.468455	39520.000000	364.503290	0.162943	0.116588
107.832345	822.468467	41773.333333	364.503285	0.162943	0.115301
102.799785	822.468475	40493.333333	364.503282	0.162943	0.115301
106.908836	822.468495	41753.333333	364.503272	0.162943	0.115301
105.353440	822.468547	42326.666667	364.503249	0.162943	0.115301
104.357747	822.468647	44126.666667	364.503205	0.161656	0.115301
106.032532	822.468791	43993.333333	364.503141	0.161656	0.114013
107.942423	822.468881	44500.000000	364.503101	0.162943	0.115301
102.836932	822.468911	43393.333333	364.503088	0.162943	0.115301
105.053579	822.468931	42633.333333	364.503079	0.162943	0.115301
109.427458	822.468949	39986.666667	364.503071	0.162943	0.115301
103.005533	822.468962	40386.666667	364.503066	0.162943	0.115301
101.266796	822.468966	37906.666667	364.503064	0.161656	0.114013
108.425627	822.468981	36860.000000	364.503057	0.162943	0.114013
106.418638	822.468986	36146.666667	364.503055	0.162943	0.116588
103.187167	822.469003	34233.333333	364.503048	0.162943	0.115301
104.253333	822.469045	32373.333333	364.503029	0.161656	0.115301
104.969840	822.469195	23460.000000	364.502962	0.162943	0.115301
105.625553	822.469246	19226.666667	364.502940	0.162943	0.115301
105.832448	822.469317	16253.333333	364.502908	0.162943	0.115301
103.848753	822.469407	12273.333333	364.502868	0.162943	0.115301
105.296306	822.469433	10126.666667	364.502857	0.162943	0.115301
105.170486	822.469458	8833.333333	364.502846	0.161656	0.115301
106.841751	822.469478	8053.333333	364.502837	0.162943	0.117876
103.365261	822.469500	7273.333333	364.502827	0.162943	0.117876
106.877147	822.469535	6233.333333	364.502812	0.162943	0.117876
106.373484	822.469613	5073.333333	364.502777	0.162943	0.117876
106.026062	822.469733	3140.000000	364.502724	0.162943	0.117876
105.949331	822.469776	1973.333333	364.502705	0.162943	0.117876
106.541954	822.469828	1326.666667	364.502682	0.161656	0.119164
105.705712	822.469851	1180.000000	364.502672	0.161656	0.117876
104.985822	822.469925	800.000000	364.502639	0.162943	0.117876
105.575670	822.469932	626.666667	364.502635	0.162943	0.119164
107.316551	822.469973	566.666667	364.502617	0.162943	0.119164
104.536683	822.469995	486.666667	364.502608	0.162943	0.117876
107.577864	822.470026	406.666667	364.502594	0.161656	0.119164
106.033355	822.470065	320.000000	364.502577	0.162943	0.120451
107.018728	822.470078	360.000000	364.502571	0.161656	0.121739
105.717908	822.470166	220.000000	364.502532	0.162943	0.120451
105.773638	822.470268	213.333333	364.502487	0.162943	0.121739
106.307308	822.470346	120.000000	364.502452	0.161656	0.121739
104.986514	822.470390	120.000000	364.502433	0.162943	0.121739
108.213023	822.470418	66.666667	364.502420	0.162943	0.123027
107.014609	822.470457	166.666667	364.502403	0.162943	0.124314
105.489041	822.470476	166.666667	364.502395	0.162943	0.125602
105.839840	822.470542	100.000000	364.502365	0.162943	0.125602
106.119573	822.470584	80.000000	364.502347	0.162943	0.126890
105.339255	822.470624	146.666667	364.502329	0.162943	0.126890
106.554476	822.470649	100.000000	364.502318	0.162943	0.128177
106.675998	822.470675	100.000000	364.502306	0.161656	0.126890
105.906009	822.470715	86.666667	364.502289	0.162943	0.128177
106.567057	822.470833	60.000000	364.502236	0.162943	0.129465
