134.166522	822.469894	0.000000	0.000000	364.502652
134.014977	822.470123	28720.000000	830.000000	364.502551
136.704573	822.470126	23590.000000	740.000000	364.502550
134.132347	822.470239	22250.000000	720.000000	364.502500
136.359308	822.470241	17170.000000	610.000000	364.502499
131.879446	822.470582	10010.000000	710.000000	364.502348
137.014449	822.470497	9020.000000	660.000000	364.502385
134.214245	822.470621	8190.000000	690.000000	364.502330
134.507785	822.470869	6220.000000	730.000000	364.502220
131.565997	822.471099	1640.000000	680.000000	364.502119
132.720305	822.471077	1570.000000	730.000000	364.502128
137.663610	822.471064	1560.000000	750.000000	364.502134
132.243328	822.471156	1360.000000	670.000000	364.502093
136.411746	822.471383	430.000000	670.000000	364.501993
136.391169	822.471563	320.000000	820.000000	364.501913
132.635607	822.471811	200.000000	580.000000	364.501803
139.278048	822.471748	180.000000	780.000000	364.501831
139.025023	822.471771	110.000000	580.000000	364.501821
136.850060	822.471908	130.000000	800.000000	364.501760
132.151083	822.472407	140.000000	770.000000	364.501539
131.170339	822.472420	110.000000	710.000000	364.501533
130.400527	822.472047	60.000000	860.000000	364.501698
130.400527	822.472047	60.000000	860.000000	364.501698
134.239916	822.472047	60.000000	710.000000	364.501698
135.221780	822.471728	160.000000	670.000000	364.501840
133.100836	822.471643	130.000000	670.000000	364.501878
129.779310	822.471840	60.000000	650.000000	364.501790
133.010288	822.471643	130.000000	750.000000	364.501877
138.820941	822.471589	80.000000	530.000000	364.501901
132.534216	822.471559	300.000000	590.000000	364.501915
136.575058	822.471396	340.000000	640.000000	364.501987
140.881797	822.471411	500.000000	660.000000	364.501980
138.567738	822.471020	1940.000000	700.000000	364.502153
139.350674	822.470946	2180.000000	670.000000	364.502186
134.499365	822.471046	2390.000000	620.000000	364.502142
133.609968	822.471082	3610.000000	870.000000	364.502126
132.480236	822.470713	9840.000000	630.000000	364.502289
133.100402	822.470552	10080.000000	680.000000	364.502361
136.825869	822.470455	10660.000000	680.000000	364.502404
135.484043	822.470221	19670.000000	740.000000	364.502508
132.819116	822.470137	32710.000000	830.000000	364.502545
133.019661	822.469835	48290.000000	720.000000	364.502679
131.383017	822.469836	47780.000000	620.000000	364.502678
135.873500	822.469744	50020.000000	600.000000	364.502719
137.525100	822.469572	52280.000000	700.000000	364.502795
136.473754	822.469425	53450.000000	720.000000	364.502860
137.396346	822.469384	54620.000000	710.000000	364.502879
130.834170	822.469376	51170.000000	700.000000	364.502882
131.518929	822.469150	38450.000000	610.000000	364.502982
136.610421	822.469110	36970.000000	650.000000	364.503000
133.464024	822.469133	35860.000000	640.000000	364.502990
137.239037	822.468932	21700.000000	560.000000	364.503079
135.157252	822.468793	15530.000000	630.000000	364.503141
132.497805	822.468807	14880.000000	570.000000	364.503134
138.143712	822.468538	5220.000000	730.000000	364.503253
134.256828	822.468433	4370.000000	660.000000	364.503300
131.496173	822.468442	5010.000000	710.000000	364.503296
133.183148	822.468284	4110.000000	560.000000	364.503366
133.953697	822.468091	1300.000000	550.000000	364.503452
133.518971	822.468062	810.000000	550.000000	364.503464
131.011095	822.467768	160.000000	650.000000	364.503595
130.489494	822.467755	110.000000	870.000000	364.503601
135.615439	822.467607	180.000000	770.000000	364.503666
131.847577	822.467413	130.000000	600.000000	364.503752
136.906016	822.467381	60.000000	770.000000	364.503766
132.148483	822.467392	100.000000	700.000000	364.503762
130.547006	822.467384	80.000000	680.000000	364.503765
136.329735	822.467280	140.000000	660.000000	364.503811
132.021494	822.467002	120.000000	700.000000	364.503934
138.481382	822.466855	180.000000	610.000000	364.503999
138.763652	822.466851	180.000000	610.000000	364.504001
139.328328	822.466851	90.000000	840.000000	364.504001
139.261033	822.466859	100.000000	610.000000	364.503997
132.934246	822.466910	40.000000	630.000000	364.503975
133.076723	822.466945	180.000000	560.000000	364.503960
136.890990	822.467261	50.000000	740.000000	364.503819
133.940362	822.467425	110.000000	630.000000	364.503747
136.500867	822.467404	70.000000	770.000000	364.503756
139.798433	822.467387	130.000000	500.000000	364.503764
136.342292	822.467406	130.000000	630.000000	364.503755
131.062206	822.467394	90.000000	670.000000	364.503761
133.362351	822.467680	130.000000	720.000000	364.503634
131.234225	822.467696	180.000000	640.000000	364.503627
133.419898	822.467937	630.000000	660.000000	364.503520
132.799733	822.467980	840.000000	830.000000	364.503501
135.585002	822.467980	1540.000000	560.000000	364.503501
133.738919	822.468256	4030.000000	490.000000	364.503379
136.489744	822.468262	4320.000000	680.000000	364.503376
132.770343	822.468312	5090.000000	610.000000	364.503354
137.153422	822.468332	5930.000000	620.000000	364.503345
132.402733	822.468409	11110.000000	740.000000	364.503311
139.299136	822.468655	17230.000000	650.000000	364.503201
134.515240	822.468697	18490.000000	640.000000	364.503183
134.934458	822.468954	31490.000000	640.000000	364.503069
135.972652	822.468993	38560.000000	690.000000	364.503052
131.199319	822.469040	38970.000000	630.000000	364.503031
135.403681	822.469204	46310.000000	710.000000	364.502958
138.488570	822.469284	53690.000000	650.000000	364.502923
136.446373	822.469312	53450.000000	560.000000	364.502911
132.050761	822.469682	49250.000000	710.000000	364.502747
137.498557	822.469668	46850.000000	610.000000	364.502753
135.759678	822.469996	37140.000000	650.000000	364.502607
135.555500	822.470175	26470.000000	620.000000	364.502528
135.196087	822.470236	22380.000000	590.000000	364.502501
137.164111	822.470442	14140.000000	670.000000	364.502409
136.699374	822.470473	11290.000000	560.000000	364.502396
136.779804	822.470535	9210.000000	570.000000	364.502369
134.822839	822.470829	5960.000000	700.000000	364.502238
135.332271	822.470687	5300.000000	680.000000	364.502301
131.406825	822.471008	1560.000000	630.000000	364.502159
135.856047	822.470925	1370.000000	690.000000	364.502196
133.122199	822.471050	1460.000000	480.000000	364.502140
135.839546	822.471138	1100.000000	670.000000	364.502101
139.915820	822.471394	330.000000	550.000000	364.501988
132.250749	822.471801	240.000000	620.000000	364.501808
135.442680	822.471814	330.000000	650.000000	364.501802
134.857364	822.471898	110.000000	540.000000	364.501764
137.931037	822.471708	200.000000	610.000000	364.501849
136.026567	822.471744	170.000000	520.000000	364.501833
133.078314	822.471982	210.000000	550.000000	364.501727
133.483521	822.472046	80.000000	630.000000	364.501699
132.542939	822.472081	60.000000	550.000000	364.501683
133.495196	822.472031	130.000000	790.000000	364.501706
131.210733	822.472086	30.000000	560.000000	364.501681
133.815574	822.471902	210.000000	690.000000	364.501762
131.535103	822.471888	170.000000	820.000000	364.501769
136.179026	822.471716	100.000000	600.000000	364.501845
136.170143	822.471710	220.000000	750.000000	364.501848
133.280630	822.471798	80.000000	620.000000	364.501809
139.622381	822.471405	400.000000	660.000000	364.501983
137.412743	822.471320	370.000000	650.000000	364.502020
133.961375	822.471246	1400.000000	790.000000	364.502053
140.239363	822.470853	1530.000000	470.000000	364.502228
134.513706	822.470896	1860.000000	800.000000	364.502208
131.228383	822.470957	2210.000000	570.000000	364.502182
130.590732	822.470592	7010.000000	690.000000	364.502343
132.004323	822.470538	9290.000000	760.000000	364.502367
136.840395	822.470443	10460.000000	590.000000	364.502409
133.135925	822.470509	13240.000000	730.000000	364.502380
134.298195	822.470279	24930.000000	550.000000	364.502482
133.068330	822.469988	44570.000000	660.000000	364.502611
135.482211	822.469908	44860.000000	770.000000	364.502646
140.106415	822.469806	47570.000000	710.000000	364.502692
133.659061	822.469872	49300.000000	660.000000	364.502662
132.985387	822.469844	51300.000000	490.000000	364.502675
131.987838	822.469486	53560.000000	570.000000	364.502833
130.717992	822.469473	54410.000000	720.000000	364.502839
135.937240	822.469404	53420.000000	670.000000	364.502870
133.380152	822.469088	37510.000000	670.000000	364.503010
134.203524	822.469134	35770.000000	770.000000	364.502989
139.696295	822.468997	34210.000000	520.000000	364.503050
132.562995	822.468760	16090.000000	580.000000	364.503155
136.546588	822.468668	15010.000000	680.000000	364.503196
133.504053	822.468639	11900.000000	720.000000	364.503209
134.603683	822.468537	6740.000000	690.000000	364.503254
135.947365	822.468386	3550.000000	580.000000	364.503321
131.917175	822.468354	3890.000000	700.000000	364.503335
137.350121	822.468229	1830.000000	590.000000	364.503391
133.467139	822.468033	850.000000	600.000000	364.503477
138.482499	822.467986	660.000000	630.000000	364.503498
135.663602	822.467859	250.000000	630.000000	364.503554
131.845384	822.467747	260.000000	800.000000	364.503604
137.265156	822.467574	270.000000	790.000000	364.503681
132.945273	822.467421	150.000000	630.000000	364.503749
131.427505	822.467426	90.000000	470.000000	364.503746
136.427130	822.467379	140.000000	600.000000	364.503767
132.665365	822.467282	140.000000	610.000000	364.503810
132.148787	822.467190	190.000000	520.000000	364.503851
133.882379	822.466876	100.000000	710.000000	364.503990
138.697154	822.466864	120.000000	530.000000	364.503996
134.767008	822.466863	100.000000	590.000000	364.503996
132.396250	822.466863	90.000000	670.000000	364.503996
135.946610	822.466854	170.000000	680.000000	364.504000
136.522237	822.466865	110.000000	720.000000	364.503995
132.426777	822.466966	70.000000	620.000000	364.503950
136.044532	822.467157	100.000000	740.000000	364.503866
136.376913	822.467353	100.000000	670.000000	364.503779
131.616286	822.467390	160.000000	680.000000	364.503762
131.974516	822.467416	180.000000	700.000000	364.503751
136.893752	822.467435	50.000000	610.000000	364.503742
132.494471	822.467464	110.000000	690.000000	364.503729
138.278882	822.467772	250.000000	660.000000	364.503593
135.413783	822.467802	290.000000	670.000000	364.503580
139.098763	822.467872	570.000000	790.000000	364.503548
134.567977	822.468114	1090.000000	780.000000	364.503441
137.721344	822.468105	1010.000000	690.000000	364.503445
135.541862	822.468388	4120.000000	730.000000	364.503320
133.151185	822.468427	5020.000000	730.000000	364.503303
137.345832	822.468390	5250.000000	640.000000	364.503319
137.405669	822.468602	9390.000000	590.000000	364.503225
131.682625	822.468717	15960.000000	700.000000	364.503174
134.879073	822.468707	17260.000000	490.000000	364.503179
130.907033	822.468812	21590.000000	730.000000	364.503132
131.607622	822.469040	38430.000000	800.000000	364.503031
130.613816	822.469141	40030.000000	640.000000	364.502986
136.068221	822.469186	43720.000000	710.000000	364.502966
133.310050	822.469452	58220.000000	790.000000	364.502848
136.705256	822.469365	56740.000000	730.000000	364.502887
132.105791	822.469468	54500.000000	600.000000	364.502841
131.780986	822.469777	51770.000000	720.000000	364.502704
137.373862	822.469957	42400.000000	700.000000	364.502625
134.152011	822.470199	29720.000000	690.000000	364.502517
139.382710	822.470182	26280.000000	580.000000	364.502525
134.946794	822.470312	23060.000000	790.000000	364.502467
138.356333	822.470280	17290.000000	620.000000	364.502482
134.438071	822.470577	10900.000000	750.000000	364.502350
135.088331	822.470480	9230.000000	600.000000	364.502393
132.602478	822.470847	6650.000000	610.000000	364.502230
135.192120	822.470851	3380.000000	790.000000	364.502229
132.794470	822.470920	2010.000000	750.000000	364.502198
135.763977	822.470917	1250.000000	590.000000	364.502199
131.883339	822.471194	1160.000000	630.000000	364.502076
134.746337	822.471332	460.000000	680.000000	364.502015
135.339814	822.471457	250.000000	560.000000	364.501960
136.922061	822.471527	260.000000	700.000000	364.501929
136.273278	822.471737	140.000000	650.000000	364.501836
134.211794	822.472225	80.000000	730.000000	364.501619
134.757643	822.472115	80.000000	780.000000	364.501668
134.721428	822.472009	70.000000	850.000000	364.501715
136.120125	822.471973	30.000000	660.000000	364.501731
134.166119	822.471973	40.000000	510.000000	364.501731
135.444364	822.471982	100.000000	760.000000	364.501727
131.473087	822.471985	80.000000	740.000000	364.501726
132.501494	822.471961	50.000000	780.000000	364.501736
133.949953	822.472132	100.000000	910.000000	364.501661
