747.215496	794.605957	0.000000	0.000000	377.284433
744.780297	794.606084	32400.000000	70550.000000	377.284373
750.726270	794.606211	45690.000000	69100.000000	377.284313
741.857674	794.606252	46180.000000	71040.000000	377.284293
744.314957	794.606284	45340.000000	72130.000000	377.284278
750.813958	794.606332	42230.000000	71340.000000	377.284255
749.218667	794.606418	33510.000000	70600.000000	377.284214
747.962003	794.606488	21680.000000	72070.000000	377.284181
750.386897	794.606572	30110.000000	71940.000000	377.284141
748.360010	794.606670	42120.000000	71330.000000	377.284094
741.934597	794.606798	48280.000000	72110.000000	377.284034
748.231364	794.606815	48490.000000	71380.000000	377.284026
753.622575	794.606835	47250.000000	70120.000000	377.284016
744.697984	794.606855	49150.000000	70330.000000	377.284007
757.762291	794.606883	49330.000000	70320.000000	377.283994
741.664012	794.607118	48630.000000	70360.000000	377.283882
752.749009	794.607158	48490.000000	69410.000000	377.283863
734.293113	794.607193	49470.000000	73120.000000	377.283846
752.441453	794.607216	50680.000000	71770.000000	377.283835
750.592594	794.607250	49240.000000	71720.000000	377.283819
738.595029	794.607351	48720.000000	70560.000000	377.283771
748.709934	794.607450	50170.000000	70600.000000	377.283724
755.323550	794.607505	50040.000000	71170.000000	377.283698
752.042572	794.607548	50320.000000	71930.000000	377.283678
749.675515	794.607599	50440.000000	71920.000000	377.283653
744.921052	794.607743	49450.000000	70570.000000	377.283585
750.135404	794.607779	49790.000000	70900.000000	377.283568
748.841257	794.607784	50970.000000	70130.000000	377.283566
750.498461	794.607777	49420.000000	71000.000000	377.283569
754.142176	794.607745	49380.000000	70530.000000	377.283584
749.130752	794.607661	49300.000000	70960.000000	377.283624
750.081182	794.607574	49440.000000	71630.000000	377.283665
753.088515	794.607523	49400.000000	69570.000000	377.283689
750.453934	794.607489	50080.000000	71170.000000	377.283706
754.442966	794.607455	49800.000000	71160.000000	377.283722
758.900745	794.607430	48660.000000	70960.000000	377.283734
746.102438	794.607280	49640.000000	71990.000000	377.283805
749.934186	794.607249	48080.000000	71280.000000	377.283820
762.355866	794.607225	48310.000000	70650.000000	377.283831
740.951024	794.607189	50100.000000	69400.000000	377.283848
745.824355	794.607124	48100.000000	69260.000000	377.283879
744.612474	794.606912	48100.000000	69840.000000	377.283980
743.690294	794.606872	47540.000000	70360.000000	377.283999
738.060775	794.606851	48970.000000	70100.000000	377.284009
749.598412	794.606836	47550.000000	69610.000000	377.284016
754.590277	794.606812	46860.000000	69220.000000	377.284027
737.367606	794.606772	46650.000000	70220.000000	377.284046
736.175471	794.606667	40330.000000	69970.000000	377.284096
745.760650	794.606547	30600.000000	70350.000000	377.284153
746.420938	794.606472	23080.000000	72520.000000	377.284189
744.712612	794.606358	26110.000000	70100.000000	377.284243
750.005579	794.606326	41610.000000	70700.000000	377.284258
754.166901	794.606290	43540.000000	70680.000000	377.284275
744.389819	794.606267	44890.000000	70160.000000	377.284286
751.142591	794.606219	44710.000000	70550.000000	377.284308
752.212457	794.606201	45600.000000	68510.000000	377.284317
749.499542	794.606041	39990.000000	69130.000000	377.284393
751.374210	794.605942	29870.000000	68680.000000	377.284440
752.107812	794.605909	36850.000000	70540.000000	377.284456
738.568010	794.605882	41940.000000	70120.000000	377.284469
758.817127	794.605861	44180.000000	69880.000000	377.284478
749.353141	794.605813	44410.000000	70470.000000	377.284502
740.047255	794.605787	46390.000000	69930.000000	377.284514
747.696651	794.605656	42530.000000	68520.000000	377.284576
747.322119	794.605540	37680.000000	70390.000000	377.284631
748.446267	794.605402	40240.000000	69980.000000	377.284696
746.168122	794.605330	44840.000000	70850.000000	377.284731
736.676391	794.605316	48020.000000	71850.000000	377.284738
740.128992	794.605292	48480.000000	71030.000000	377.284749
741.440559	794.605261	48570.000000	69370.000000	377.284764
731.275910	794.605234	47490.000000	70190.000000	377.284776
740.077356	794.605078	48520.000000	71020.000000	377.284850
733.640658	794.604997	48550.000000	70700.000000	377.284889
751.575603	794.604973	48430.000000	70800.000000	377.284900
725.472924	794.604950	49160.000000	69800.000000	377.284911
748.986061	794.604937	47850.000000	70720.000000	377.284917
730.794774	794.604885	49150.000000	68820.000000	377.284942
736.507183	794.604841	48210.000000	70600.000000	377.284963
738.843038	794.604674	47600.000000	69530.000000	377.285042
746.185900	794.604564	48500.000000	69770.000000	377.285094
746.853048	794.604372	48900.000000	70240.000000	377.285185
735.627142	794.604334	48270.000000	71040.000000	377.285204
746.077697	794.604321	47750.000000	70480.000000	377.285210
745.322462	794.604304	50270.000000	69700.000000	377.285218
734.113896	794.604287	48310.000000	70990.000000	377.285226
745.951307	794.604280	49350.000000	68570.000000	377.285229
735.913238	794.604274	49310.000000	71030.000000	377.285232
751.835851	794.604107	49620.000000	70450.000000	377.285311
736.709277	794.604041	47840.000000	69700.000000	377.285343
730.096194	794.604011	49420.000000	69510.000000	377.285357
725.170400	794.604019	48960.000000	71100.000000	377.285353
750.311044	794.604040	48430.000000	69140.000000	377.285343
726.195128	794.604059	49350.000000	69820.000000	377.285334
740.358764	794.604254	48360.000000	69850.000000	377.285242
740.239963	794.604272	49340.000000	70080.000000	377.285233
748.993702	794.604285	49450.000000	70690.000000	377.285227
736.488889	794.604295	49180.000000	70420.000000	377.285222
744.084330	794.604304	49910.000000	70120.000000	377.285218
744.836895	794.604323	48880.000000	69920.000000	377.285209
741.240075	794.604342	48070.000000	72450.000000	377.285200
747.818504	794.604388	48500.000000	70240.000000	377.285178
744.358111	794.604563	50220.000000	70940.000000	377.285095
747.305694	794.604648	47640.000000	71790.000000	377.285055
748.328668	794.604763	47830.000000	69780.000000	377.285000
748.549977	794.604884	47940.000000	69480.000000	377.284943
749.628341	794.604925	49040.000000	69100.000000	377.284923
730.545649	794.604950	48560.000000	68120.000000	377.284911
748.955015	794.604972	48390.000000	71370.000000	377.284901
735.983165	794.604995	49410.000000	70050.000000	377.284890
757.507623	794.605019	46800.000000	70050.000000	377.284879
745.951935	794.605215	48800.000000	70230.000000	377.284785
737.960910	794.605252	48660.000000	71400.000000	377.284768
741.946238	794.605280	48130.000000	69470.000000	377.284755
748.342730	794.605294	48400.000000	71010.000000	377.284748
749.456007	794.605326	46780.000000	70620.000000	377.284733
748.711927	794.605359	46600.000000	69610.000000	377.284717
749.454040	794.605477	41620.000000	68600.000000	377.284661
749.658316	794.605576	36770.000000	69890.000000	377.284614
750.377316	794.605699	42960.000000	69280.000000	377.284556
746.707722	794.605779	44670.000000	71210.000000	377.284518
743.786785	794.605837	45020.000000	71330.000000	377.284490
742.868012	794.605858	43730.000000	71510.000000	377.284480
734.013219	794.605888	40810.000000	70730.000000	377.284466
754.735986	794.605918	39070.000000	70820.000000	377.284452
751.805216	794.605965	33730.000000	70750.000000	377.284429
748.985666	794.606081	31830.000000	69480.000000	377.284374
753.414159	794.606213	44130.000000	71490.000000	377.284311
743.293154	794.606236	44720.000000	68860.000000	377.284300
754.588667	794.606259	45250.000000	70540.000000	377.284290
751.251632	794.606296	44210.000000	71100.000000	377.284272
753.116286	794.606334	42020.000000	71170.000000	377.284254
747.780933	794.606449	31560.000000	70660.000000	377.284200
751.417414	794.606509	20950.000000	70330.000000	377.284171
751.428238	794.606605	26810.000000	70980.000000	377.284125
747.544442	794.606698	37100.000000	71180.000000	377.284081
740.476572	794.606796	44250.000000	70080.000000	377.284035
743.302362	794.606824	45480.000000	71100.000000	377.284022
751.824874	794.606842	47230.000000	69690.000000	377.284013
745.401266	794.606864	45990.000000	70410.000000	377.284002
761.092393	794.606879	45950.000000	68680.000000	377.283995
749.314072	794.606982	48440.000000	69350.000000	377.283946
750.275647	794.607173	48710.000000	70200.000000	377.283856
739.467399	794.607208	47370.000000	71210.000000	377.283839
755.787833	794.607233	47880.000000	71450.000000	377.283827
748.334098	794.607256	48800.000000	69670.000000	377.283816
746.408048	794.607304	47180.000000	69550.000000	377.283793
746.702952	794.607438	48470.000000	69930.000000	377.283730
755.908751	794.607478	47920.000000	71810.000000	377.283711
748.439131	794.607508	49260.000000	71410.000000	377.283697
742.150499	794.607658	49790.000000	71050.000000	377.283625
746.048328	794.607741	48160.000000	71050.000000	377.283586
745.108873	794.607778	49150.000000	71170.000000	377.283569
728.916099	794.607793	48950.000000	70330.000000	377.283561
748.223196	794.607779	49230.000000	70610.000000	377.283568
750.384876	794.607766	49410.000000	70080.000000	377.283574
749.200761	794.607637	48970.000000	71550.000000	377.283635
748.619848	794.607555	48420.000000	71540.000000	377.283674
750.475110	794.607500	47590.000000	71550.000000	377.283701
750.789574	794.607454	50030.000000	72020.000000	377.283722
743.974411	794.607415	48430.000000	69230.000000	377.283741
747.621853	794.607314	47440.000000	69280.000000	377.283789
754.390508	794.607240	47730.000000	70710.000000	377.283824
741.133282	794.607231	48070.000000	70880.000000	377.283828
736.088878	794.607199	46670.000000	70740.000000	377.283843
748.905991	794.607176	48140.000000	70010.000000	377.283855
757.598462	794.606958	47040.000000	72070.000000	377.283958
741.128681	794.606899	45300.000000	71210.000000	377.283986
751.066774	794.606879	45990.000000	72420.000000	377.283995
747.781460	794.606864	45900.000000	69970.000000	377.284002
760.449171	794.606837	44180.000000	71150.000000	377.284015
745.436566	794.606820	45500.000000	70450.000000	377.284023
744.063213	794.606709	41370.000000	70420.000000	377.284076
746.391348	794.606594	32330.000000	72280.000000	377.284131
746.225368	794.606510	19980.000000	70500.000000	377.284171
743.783874	794.606459	25590.000000	71860.000000	377.284195
739.781146	794.606386	35500.000000	70740.000000	377.284230
744.655436	794.606328	40460.000000	70370.000000	377.284257
738.031297	794.606276	44060.000000	69060.000000	377.284282
739.956943	794.606252	41460.000000	70730.000000	377.284293
742.450292	794.606231	42270.000000	71460.000000	377.284303
730.275828	794.606186	42800.000000	70450.000000	377.284324
746.021808	794.605978	38560.000000	69460.000000	377.284423
740.183093	794.605932	34950.000000	71980.000000	377.284445
729.380858	794.605901	40170.000000	69080.000000	377.284459
746.739586	794.605887	41780.000000	70920.000000	377.284466
739.508903	794.605849	42670.000000	69140.000000	377.284484
735.624938	794.605823	43640.000000	70540.000000	377.284496
740.677144	794.605739	42260.000000	70910.000000	377.284536
741.548780	794.605632	37470.000000	71020.000000	377.284587
738.696884	794.605510	32510.000000	71160.000000	377.284645
743.689488	794.605363	43670.000000	70880.000000	377.284715
748.693535	794.605326	45820.000000	71340.000000	377.284733
737.405502	794.605307	45650.000000	69430.000000	377.284741
728.567032	794.605284	47130.000000	71280.000000	377.284753
742.005481	794.605267	46690.000000	70280.000000	377.284761
750.160231	794.605239	47450.000000	69260.000000	377.284774
745.425973	794.605073	45660.000000	69610.000000	377.284853
746.470753	794.604991	48520.000000	68410.000000	377.284892
747.341932	794.604976	46760.000000	71190.000000	377.284899
730.195940	794.604949	47470.000000	69710.000000	377.284912
736.977906	794.604920	48010.000000	70030.000000	377.284925
737.583449	794.604868	47030.000000	69120.000000	377.284950
740.791651	794.604724	46450.000000	68610.000000	377.285019
742.211535	794.604641	46970.000000	71210.000000	377.285058
743.426407	794.604457	46900.000000	70740.000000	377.285145
743.380831	794.604385	46310.000000	70450.000000	377.285179
748.633348	794.604339	46980.000000	72690.000000	377.285201
725.873835	794.604328	47190.000000	70390.000000	377.285206
747.830536	794.604314	46230.000000	70630.000000	377.285213
736.617667	794.604306	46550.000000	70850.000000	377.285217
749.803550	794.604287	46050.000000	71720.000000	377.285226
743.870985	794.604214	46790.000000	70120.000000	377.285261
740.343350	794.604067	47650.000000	69550.000000	377.285330
746.767039	794.604029	46800.000000	70060.000000	377.285349
739.549818	794.604011	44720.000000	69800.000000	377.285357
737.584983	794.604017	47440.000000	68370.000000	377.285354
735.699383	794.604032	45840.000000	70030.000000	377.285347
738.310055	794.604063	45920.000000	70290.000000	377.285332
743.497757	794.604162	46220.000000	69800.000000	377.285286
740.917506	794.604263	45190.000000	70840.000000	377.285237
750.378412	794.604288	46250.000000	68840.000000	377.285225
726.542950	794.604303	44680.000000	69940.000000	377.285218
743.362264	794.604312	44950.000000	70950.000000	377.285214
724.189045	794.604317	45070.000000	72240.000000	377.285212
739.212954	794.604340	45050.000000	71860.000000	377.285201
730.906161	794.604364	44730.000000	70830.000000	377.285190
736.366773	794.604567	44760.000000	69620.000000	377.285093
737.678868	794.604628	42700.000000	71050.000000	377.285064
737.312847	794.604714	44460.000000	71560.000000	377.285023
742.374263	794.604865	44560.000000	70900.000000	377.284951
733.181931	794.604902	42830.000000	70030.000000	377.284934
757.234316	794.604930	43970.000000	69840.000000	377.284921
743.159181	794.604960	43750.000000	69640.000000	377.284906
730.635714	794.604984	44920.000000	69200.000000	377.284895
742.287599	794.604998	44500.000000	70430.000000	377.284888
745.108013	794.605105	44220.000000	71540.000000	377.284838
741.366364	794.605239	43040.000000	70630.000000	377.284774
735.882794	794.605281	44730.000000	70640.000000	377.284754
750.725300	794.605289	43370.000000	70370.000000	377.284750
740.876335	794.605315	43470.000000	70510.000000	377.284738
745.686196	794.605331	43290.000000	70020.000000	377.284730
751.539081	794.605445	42220.000000	71420.000000	377.284676
745.621874	794.605550	36740.000000	70530.000000	377.284627
749.994272	794.605689	31120.000000	69500.000000	377.284560
749.787879	794.605785	38240.000000	69060.000000	377.284515
748.795100	794.605812	40440.000000	70040.000000	377.284502
749.659349	794.605855	42280.000000	70040.000000	377.284482
738.397107	794.605892	40590.000000	69740.000000	377.284464
760.881252	794.605907	40700.000000	69680.000000	377.284457
747.630121	794.605945	39150.000000	69570.000000	377.284439
743.632190	794.606119	35940.000000	69740.000000	377.284356
751.270488	794.606200	37750.000000	70510.000000	377.284318
738.027966	794.606231	38350.000000	69700.000000	377.284303
742.114091	794.606254	38570.000000	69040.000000	377.284292
740.917854	794.606284	39270.000000	70500.000000	377.284278
745.483818	794.606309	40330.000000	70810.000000	377.284266
738.537745	794.606386	40100.000000	70710.000000	377.284229
740.066944	794.606485	35250.000000	70540.000000	377.284182
743.152733	794.606550	28160.000000	71070.000000	377.284152
743.908274	794.606640	20440.000000	71910.000000	377.284109
735.538601	794.606789	31050.000000	70510.000000	377.284038
723.794621	794.606822	37510.000000	71870.000000	377.284022
749.832564	794.606844	39410.000000	71610.000000	377.284012
727.323043	794.606867	39440.000000	70240.000000	377.284001
757.142363	794.606881	39870.000000	70330.000000	377.283995
734.361805	794.606913	41170.000000	69060.000000	377.283979
731.801757	794.607165	41780.000000	71010.000000	377.283859
749.989780	794.607183	43420.000000	70870.000000	377.283851
746.458966	794.607218	42440.000000	68850.000000	377.283835
738.451559	794.607233	42730.000000	70760.000000	377.283827
744.301112	794.607267	43530.000000	70690.000000	377.283811
739.278378	794.607402	43850.000000	70200.000000	377.283747
743.503470	794.607480	43120.000000	70410.000000	377.283710
746.087702	794.607522	43220.000000	72080.000000	377.283690
742.281809	794.607585	43010.000000	73210.000000	377.283660
738.830263	794.607644	42390.000000	71270.000000	377.283632
745.428142	794.607791	42380.000000	71560.000000	377.283562
739.762606	794.607799	43920.000000	71210.000000	377.283558
744.052443	794.607763	42650.000000	70470.000000	377.283575
743.477506	794.607697	42200.000000	70780.000000	377.283607
741.489873	794.607635	43490.000000	71080.000000	377.283637
747.240990	794.607537	42060.000000	72650.000000	377.283683
751.752796	794.607503	41360.000000	71420.000000	377.283699
744.748338	794.607456	42830.000000	72100.000000	377.283721
743.014303	794.607372	42850.000000	73450.000000	377.283761
742.112576	794.607270	43640.000000	71880.000000	377.283810
742.037617	794.607252	42870.000000	69540.000000	377.283818
748.139544	794.607229	42360.000000	71170.000000	377.283829
737.000404	794.607207	41970.000000	72170.000000	377.283839
748.518032	794.607189	42490.000000	71710.000000	377.283848
743.319225	794.607022	43340.000000	69990.000000	377.283928
746.921332	794.606901	40490.000000	70200.000000	377.283985
750.934035	794.606876	41690.000000	70000.000000	377.283997
753.886396	794.606857	41310.000000	69050.000000	377.284006
735.095151	794.606828	39050.000000	70500.000000	377.284020
749.732522	794.606797	38670.000000	68760.000000	377.284034
740.864201	794.606696	34370.000000	70350.000000	377.284082
742.503818	794.606610	24010.000000	69570.000000	377.284123
740.684705	794.606524	20760.000000	70800.000000	377.284164
742.451279	794.606448	33310.000000	70630.000000	377.284200
743.474698	794.606334	39760.000000	69990.000000	377.284254
739.009596	794.606301	39590.000000	70390.000000	377.284270
746.700056	794.606277	40010.000000	70420.000000	377.284281
731.381385	794.606249	39400.000000	71620.000000	377.284294
733.267205	794.606224	38450.000000	71820.000000	377.284306
737.868058	794.606180	36670.000000	70440.000000	377.284327
742.399564	794.605963	35410.000000	70130.000000	377.284430
744.303648	794.605924	39760.000000	72180.000000	377.284449
741.615404	794.605904	40730.000000	71590.000000	377.284458
731.064724	794.605864	40940.000000	71170.000000	377.284477
745.511546	794.605843	39080.000000	71240.000000	377.284487
740.970118	794.605754	39160.000000	69260.000000	377.284529
739.971138	794.605692	33560.000000	68690.000000	377.284559
745.240732	794.605569	31660.000000	71230.000000	377.284617
747.158442	794.605442	37580.000000	71980.000000	377.284678
743.322948	794.605345	43300.000000	70320.000000	377.284724
741.240137	794.605324	43360.000000	72020.000000	377.284734
754.399522	794.605310	42510.000000	69800.000000	377.284740
745.354838	794.605295	41600.000000	71000.000000	377.284747
739.935506	794.605275	42150.000000	69810.000000	377.284757
738.005966	794.605206	41710.000000	71440.000000	377.284789
748.027359	794.605028	41290.000000	70870.000000	377.284874
736.362945	794.605012	41890.000000	70390.000000	377.284882
731.267227	794.604980	41390.000000	70020.000000	377.284897
747.867374	794.604957	41230.000000	69740.000000	377.284908
740.049499	794.604914	40750.000000	70470.000000	377.284928
745.256357	794.604839	41910.000000	70630.000000	377.284964
748.300519	794.604733	42710.000000	71440.000000	377.285014
745.843115	794.604557	42890.000000	70660.000000	377.285098
752.575518	794.604457	42350.000000	71070.000000	377.285145
743.498780	794.604363	41310.000000	70820.000000	377.285190
756.316811	794.604348	42430.000000	70380.000000	377.285197
739.309577	794.604329	42540.000000	71540.000000	377.285206
757.824660	794.604310	42720.000000	70310.000000	377.285215
744.027820	794.604304	41400.000000	69380.000000	377.285218
750.536720	794.604287	42360.000000	70580.000000	377.285226
749.325953	794.604191	42420.000000	71010.000000	377.285271
750.980597	794.604059	41750.000000	69630.000000	377.285334
741.719684	794.604034	40910.000000	70600.000000	377.285346
748.902113	794.604013	41930.000000	70700.000000	377.285356
739.720661	794.604020	41720.000000	70620.000000	377.285353
739.465181	794.604037	41090.000000	71160.000000	377.285345
747.466872	794.604058	41820.000000	70930.000000	377.285335
741.663460	794.604103	41700.000000	69980.000000	377.285313
739.459720	794.604286	42570.000000	69220.000000	377.285227
746.433392	794.604300	41260.000000	69220.000000	377.285220
736.973027	794.604305	42180.000000	69860.000000	377.285218
743.856471	794.604311	42460.000000	71530.000000	377.285215
737.499178	794.604323	41850.000000	70220.000000	377.285209
739.953805	794.604335	40850.000000	72220.000000	377.285203
737.169342	794.604365	43020.000000	71020.000000	377.285189
743.932968	794.604441	41480.000000	70530.000000	377.285153
743.240051	794.604601	40600.000000	72810.000000	377.285077
737.520979	794.604683	41430.000000	71230.000000	377.285038
738.082440	794.604806	41500.000000	71310.000000	377.284980
723.079566	794.604914	41510.000000	70410.000000	377.284928
745.121083	794.604946	41160.000000	70240.000000	377.284913
735.804788	794.604963	41730.000000	70500.000000	377.284905
736.223196	794.604990	40240.000000	71550.000000	377.284892
752.536762	794.605022	40650.000000	70720.000000	377.284877
739.317801	794.605116	41090.000000	71390.000000	377.284832
733.512119	794.605262	40870.000000	72140.000000	377.284763
745.985399	794.605283	41490.000000	72860.000000	377.284753
744.048446	794.605303	41560.000000	71680.000000	377.284744
738.510880	794.605328	40190.000000	70590.000000	377.284732
750.026490	794.605345	40260.000000	71860.000000	377.284724
751.936702	794.605403	40510.000000	71540.000000	377.284696
749.232911	794.605524	37470.000000	71700.000000	377.284639
746.464129	794.605652	29930.000000	70160.000000	377.284578
750.010407	794.605761	29800.000000	71250.000000	377.284526
746.810565	794.605819	35940.000000	71120.000000	377.284499
740.789867	794.605857	37510.000000	68900.000000	377.284480
746.599212	794.605885	37990.000000	71940.000000	377.284467
749.434059	794.605923	38380.000000	70380.000000	377.284449
750.736610	794.605951	37030.000000	68870.000000	377.284436
742.532365	794.605989	36250.000000	70310.000000	377.284418
751.114268	794.606209	31980.000000	69650.000000	377.284314
739.237171	794.606248	33820.000000	70570.000000	377.284295
752.099405	794.606268	35290.000000	71390.000000	377.284286
759.458786	794.606292	36710.000000	70570.000000	377.284274
754.847769	794.606325	38650.000000	70520.000000	377.284258
753.652518	794.606387	37650.000000	71690.000000	377.284229
750.826150	794.606438	36110.000000	70980.000000	377.284205
750.582995	794.606563	27320.000000	70350.000000	377.284145
747.226012	794.606634	19630.000000	71800.000000	377.284112
744.940329	794.606768	22230.000000	70620.000000	377.284048
749.304104	794.606829	31780.000000	71250.000000	377.284019
756.725511	794.606854	36170.000000	70740.000000	377.284007
736.574225	794.606874	37050.000000	70220.000000	377.283998
760.607664	794.606893	37520.000000	69590.000000	377.283988
751.130378	794.606919	37660.000000	69940.000000	377.283976
752.183107	794.607080	38200.000000	70640.000000	377.283900
744.059337	794.607217	40170.000000	70950.000000	377.283835
761.401104	794.607243	40430.000000	68920.000000	377.283822
738.501277	794.607263	40730.000000	71020.000000	377.283813
748.277368	794.607287	40920.000000	70470.000000	377.283801
745.761210	794.607312	40470.000000	72330.000000	377.283790
747.236417	794.607469	41330.000000	71620.000000	377.283715
754.156548	794.607518	40160.000000	71810.000000	377.283692
753.391881	794.607564	40520.000000	71320.000000	377.283670
753.837298	794.607628	40600.000000	72390.000000	377.283640
750.331015	794.607764	40750.000000	71860.000000	377.283575
759.273963	794.607793	40230.000000	70580.000000	377.283561
748.201483	794.607748	40310.000000	71040.000000	377.283583
751.198537	794.607678	40380.000000	70950.000000	377.283616
751.259550	794.607592	40800.000000	72450.000000	377.283657
751.170861	794.607540	40130.000000	73390.000000	377.283682
752.352017	794.607494	39300.000000	71150.000000	377.283703
750.677246	794.607420	39920.000000	70070.000000	377.283738
742.864734	794.607331	40540.000000	71830.000000	377.283781
750.080091	794.607257	41070.000000	71630.000000	377.283816
746.571773	794.607240	40360.000000	71740.000000	377.283824
764.138355	794.607222	39650.000000	72530.000000	377.283833
737.175940	794.607204	39890.000000	70750.000000	377.283841
751.752156	794.607187	38900.000000	70570.000000	377.283849
753.986431	794.606929	38460.000000	71290.000000	377.283972
738.727527	794.606918	38130.000000	71860.000000	377.283977
751.900556	794.606891	36600.000000	71240.000000	377.283990
732.883201	794.606867	35860.000000	69980.000000	377.284001
741.790386	794.606839	35150.000000	70940.000000	377.284015
742.425392	794.606780	31450.000000	70570.000000	377.284042
742.433273	794.606643	24530.000000	70770.000000	377.284107
740.002245	794.606546	23110.000000	71150.000000	377.284153
742.162262	794.606481	28970.000000	71110.000000	377.284184
738.743638	794.606421	34210.000000	70160.000000	377.284213
745.875975	794.606353	37480.000000	71360.000000	377.284245
745.620941	794.606314	37230.000000	71680.000000	377.284263
746.313194	794.606273	36370.000000	71930.000000	377.284283
722.693325	794.606263	35230.000000	71140.000000	377.284288
742.818967	794.606233	34360.000000	71040.000000	377.284302
741.012928	794.606071	32600.000000	70960.000000	377.284379
734.380338	794.605970	36470.000000	71460.000000	377.284427
745.136637	794.605941	37720.000000	71360.000000	377.284441
725.985937	794.605914	36670.000000	71140.000000	377.284453
732.517720	794.605886	36750.000000	71720.000000	377.284467
738.321089	794.605846	38540.000000	71450.000000	377.284486
737.328871	794.605721	33640.000000	70750.000000	377.284545
736.900099	794.605646	29610.000000	69690.000000	377.284581
737.426657	794.605524	33850.000000	70710.000000	377.284639
741.819832	794.605395	38310.000000	70870.000000	377.284700
736.582436	794.605354	39330.000000	71370.000000	377.284719
736.976327	794.605333	39940.000000	71130.000000	377.284729
738.873984	794.605318	40070.000000	70660.000000	377.284736
730.379791	794.605302	40370.000000	69920.000000	377.284744
730.417153	794.605281	39930.000000	70700.000000	377.284754
733.707892	794.605085	39560.000000	70540.000000	377.284847
733.857414	794.605026	43070.000000	71350.000000	377.284875
725.833987	794.605008	40690.000000	70580.000000	377.284883
743.605385	794.604979	39510.000000	69630.000000	377.284897
741.370604	794.604960	39260.000000	71210.000000	377.284906
724.109432	794.604926	38810.000000	69540.000000	377.284923
736.521841	794.604788	40730.000000	71420.000000	377.284988
738.407092	794.604727	40900.000000	72460.000000	377.285017
741.401715	794.604626	38370.000000	71590.000000	377.285065
747.863083	794.604410	40220.000000	72060.000000	377.285167
735.729126	794.604375	40950.000000	71240.000000	377.285184
746.167074	794.604358	39890.000000	70470.000000	377.285192
738.534380	794.604347	40470.000000	70750.000000	377.285198
741.260581	794.604333	40250.000000	69310.000000	377.285204
733.769029	794.604305	40570.000000	71900.000000	377.285217
736.948435	794.604288	41010.000000	69240.000000	377.285225
735.442578	794.604128	40090.000000	69950.000000	377.285301
730.293532	794.604068	39700.000000	69950.000000	377.285330
728.929126	794.604039	41260.000000	69820.000000	377.285344
748.298693	794.604012	41210.000000	71060.000000	377.285356
739.244091	794.604019	40570.000000	70720.000000	377.285353
733.939166	794.604041	41200.000000	70860.000000	377.285343
735.992553	794.604060	40980.000000	70620.000000	377.285334
731.370159	794.604102	39890.000000	71380.000000	377.285314
735.496071	794.604264	40930.000000	70320.000000	377.285237
730.462887	794.604285	41120.000000	71100.000000	377.285227
737.518444	794.604306	40630.000000	71870.000000	377.285217
746.931197	794.604334	41520.000000	71160.000000	377.285204
734.700111	794.604340	40670.000000	70800.000000	377.285201
741.362794	794.604357	40980.000000	69870.000000	377.285193
735.561669	794.604382	41280.000000	71010.000000	377.285181
736.478870	794.604403	41470.000000	71350.000000	377.285171
739.474276	794.604580	39340.000000	71430.000000	377.285087
734.312458	794.604685	41540.000000	70870.000000	377.285037
736.787536	794.604788	41140.000000	70100.000000	377.284988
729.658113	794.604923	41260.000000	71000.000000	377.284924
739.499438	794.604942	40870.000000	70710.000000	377.284915
721.606701	794.604975	41590.000000	69660.000000	377.284899
721.394768	794.604998	40080.000000	69900.000000	377.284888
745.885560	794.605017	41970.000000	68690.000000	377.284879
730.604228	794.605049	40760.000000	70120.000000	377.284864
733.421660	794.605249	41250.000000	69840.000000	377.284769
734.490253	794.605296	41130.000000	71130.000000	377.284747
745.412556	794.605305	40710.000000	71200.000000	377.284743
728.947655	794.605317	39890.000000	69780.000000	377.284737
739.093858	794.605332	40040.000000	71080.000000	377.284730
742.491920	794.605384	40090.000000	69830.000000	377.284705
736.782750	794.605490	40780.000000	70680.000000	377.284655
736.240567	794.605573	33480.000000	70070.000000	377.284616
740.191758	794.605714	29570.000000	70010.000000	377.284548
738.787743	794.605828	36530.000000	70410.000000	377.284494
743.375147	794.605872	39520.000000	70760.000000	377.284473
726.454715	794.605889	39890.000000	71070.000000	377.284465
736.484091	794.605922	39080.000000	70690.000000	377.284450
740.034127	794.605947	39370.000000	69940.000000	377.284438
737.848365	794.606002	36760.000000	69740.000000	377.284412
734.456375	794.606160	32990.000000	71060.000000	377.284337
736.389398	794.606235	34830.000000	70520.000000	377.284301
748.825167	794.606259	36570.000000	70610.000000	377.284290
745.761000	794.606288	36610.000000	71530.000000	377.284276
744.634809	794.606317	38430.000000	70450.000000	377.284262
742.164557	794.606368	39520.000000	71130.000000	377.284238
741.360557	794.606486	35920.000000	70180.000000	377.284182
740.221084	794.606542	28330.000000	70870.000000	377.284155
741.187684	794.606616	20610.000000	69730.000000	377.284120
742.153876	794.606688	21410.000000	71020.000000	377.284086
734.895311	794.606815	34610.000000	72470.000000	377.284026
746.688841	794.606850	37700.000000	69370.000000	377.284009
725.213527	794.606881	38720.000000	70930.000000	377.283994
756.280822	794.606895	39850.000000	70620.000000	377.283988
725.500152	794.606916	39230.000000	72840.000000	377.283978
731.358990	794.607151	40850.000000	71190.000000	377.283866
749.899917	794.607194	42020.000000	70580.000000	377.283846
731.084231	794.607225	41870.000000	70480.000000	377.283831
738.948997	794.607252	41720.000000	70800.000000	377.283818
742.218189	794.607274	39870.000000	70140.000000	377.283808
742.189167	794.607360	40710.000000	70720.000000	377.283767
738.607829	794.607445	40510.000000	70100.000000	377.283726
741.153747	794.607508	42020.000000	69470.000000	377.283697
744.890493	794.607551	41860.000000	70020.000000	377.283676
744.564290	794.607629	41470.000000	70420.000000	377.283639
737.045056	794.607730	41610.000000	69840.000000	377.283591
742.600975	794.607797	41390.000000	72140.000000	377.283559
737.833408	794.607732	41950.000000	71390.000000	377.283590
740.197166	794.607673	41680.000000	71610.000000	377.283618
744.211896	794.607596	42130.000000	70360.000000	377.283655
748.135770	794.607517	41310.000000	71810.000000	377.283692
746.758042	794.607487	43180.000000	70630.000000	377.283706
740.250734	794.607428	40820.000000	70780.000000	377.283735
748.935655	794.607322	40740.000000	72370.000000	377.283785
747.422804	794.607273	40940.000000	72180.000000	377.283808
732.966396	794.607262	39190.000000	72350.000000	377.283814
758.387961	794.607231	40240.000000	70390.000000	377.283828
739.682002	794.607206	40530.000000	71790.000000	377.283840
749.896686	794.607178	40770.000000	71740.000000	377.283853
740.657259	794.606924	38730.000000	70540.000000	377.283974
754.212440	794.606902	38040.000000	70590.000000	377.283984
732.799873	794.606875	37740.000000	71010.000000	377.283997
761.036797	794.606852	37210.000000	70480.000000	377.284008
740.347865	794.606832	35920.000000	70920.000000	377.284018
749.798212	794.606801	34350.000000	69880.000000	377.284032
746.844497	794.606647	23560.000000	69350.000000	377.284105
753.598859	794.606602	18830.000000	69480.000000	377.284127
752.174715	794.606493	28530.000000	71340.000000	377.284178
752.242665	794.606420	35690.000000	71250.000000	377.284213
747.697487	794.606352	37740.000000	70180.000000	377.284246
755.299007	794.606318	37080.000000	69780.000000	377.284262
743.804286	794.606294	37420.000000	70140.000000	377.284273
734.451271	794.606266	37130.000000	71030.000000	377.284286
733.532572	794.606226	35140.000000	71140.000000	377.284305
747.120549	794.606007	33750.000000	70420.000000	377.284409
734.766923	794.605971	37300.000000	69850.000000	377.284426
743.102931	794.605952	37290.000000	70800.000000	377.284436
737.375691	794.605913	38310.000000	70580.000000	377.284454
744.222285	794.605889	38190.000000	69540.000000	377.284466
752.456877	794.605850	38790.000000	71180.000000	377.284484
746.833421	794.605778	37100.000000	70960.000000	377.284518
746.215294	794.605620	31860.000000	69840.000000	377.284593
750.859975	794.605500	32990.000000	69680.000000	377.284650
753.155068	794.605389	40380.000000	71930.000000	377.284703
745.414308	794.605361	40640.000000	71290.000000	377.284716
736.529843	794.605352	42120.000000	71220.000000	377.284721
754.299473	794.605330	41070.000000	69750.000000	377.284731
731.676703	794.605316	40840.000000	70480.000000	377.284737
744.049648	794.605270	40130.000000	71240.000000	377.284759
742.462390	794.605083	41080.000000	72580.000000	377.284848
757.473835	794.605040	41350.000000	69220.000000	377.284869
729.621604	794.605016	41660.000000	71710.000000	377.284880
761.172125	794.604989	40220.000000	70100.000000	377.284893
744.665023	794.604965	42220.000000	71330.000000	377.284904
743.190251	794.604905	40810.000000	69290.000000	377.284933
743.088253	794.604776	41730.000000	71040.000000	377.284994
746.057102	794.604667	40840.000000	69680.000000	377.285045
748.839667	794.604524	40530.000000	70690.000000	377.285114
752.705133	794.604402	39920.000000	71630.000000	377.285171
733.239302	794.604378	40930.000000	71020.000000	377.285183
740.677511	794.604355	39910.000000	72250.000000	377.285194
749.787567	794.604336	41390.000000	71500.000000	377.285203
736.035356	794.604328	41370.000000	70400.000000	377.285206
725.669965	794.604321	40870.000000	69730.000000	377.285210
739.212163	794.604278	41350.000000	69960.000000	377.285230
731.698664	794.604089	40970.000000	69340.000000	377.285320
733.301839	794.604060	40250.000000	69560.000000	377.285334
727.860143	794.604045	42200.000000	71870.000000	377.285341
737.898454	794.604014	41340.000000	70610.000000	377.285356
751.553519	794.604023	40810.000000	69570.000000	377.285351
715.731726	794.604038	40570.000000	70770.000000	377.285344
733.953672	794.604053	39980.000000	70400.000000	377.285337
729.997729	794.604073	41090.000000	70800.000000	377.285327
741.884304	794.604106	39870.000000	69700.000000	377.285312
736.796998	794.604285	40450.000000	71190.000000	377.285227
723.043902	794.604320	41000.000000	70650.000000	377.285210
744.572806	794.604328	40330.000000	70920.000000	377.285206
724.029370	794.604333	40300.000000	70870.000000	377.285204
742.589918	794.604346	40450.000000	71960.000000	377.285198
731.672414	794.604366	40530.000000	71990.000000	377.285188
732.178552	794.604395	40760.000000	70950.000000	377.285175
739.378973	794.604488	41130.000000	72280.000000	377.285131
738.536707	794.604651	41960.000000	72120.000000	377.285053
738.674466	794.604815	41100.000000	70900.000000	377.284975
734.573029	794.604920	39810.000000	69620.000000	377.284925
721.051976	794.604968	41270.000000	70550.000000	377.284903
750.878781	794.604989	41540.000000	70890.000000	377.284893
724.278991	794.605014	40330.000000	72070.000000	377.284881
740.094684	794.605036	40930.000000	71590.000000	377.284870
728.804889	794.605080	41340.000000	69080.000000	377.284849
734.781795	794.605245	41580.000000	70460.000000	377.284771
734.934915	794.605300	41010.000000	71490.000000	377.284745
741.152962	794.605323	40800.000000	70910.000000	377.284734
726.175337	794.605332	40140.000000	70730.000000	377.284730
731.242151	794.605354	41640.000000	72020.000000	377.284719
745.460156	794.605385	39970.000000	70670.000000	377.284705
741.981189	794.605417	40740.000000	71180.000000	377.284689
747.651749	794.605625	31980.000000	71610.000000	377.284591
742.795850	794.605747	31210.000000	69450.000000	377.284533
745.313591	794.605829	36850.000000	68540.000000	377.284494
742.924797	794.605865	38610.000000	71930.000000	377.284477
737.332770	794.605910	39330.000000	70290.000000	377.284455
745.617718	794.605931	38870.000000	69190.000000	377.284445
750.246754	794.605958	38610.000000	71900.000000	377.284432
736.917525	794.605993	36600.000000	69690.000000	377.284416
752.210362	794.606220	35730.000000	70190.000000	377.284308
735.936255	794.606248	37300.000000	70310.000000	377.284295
757.889436	794.606272	37910.000000	71650.000000	377.284283
741.702647	794.606300	37650.000000	69170.000000	377.284270
755.994717	794.606332	39040.000000	71250.000000	377.284255
748.596823	794.606370	38510.000000	71860.000000	377.284237
747.264435	794.606436	36690.000000	71450.000000	377.284206
751.042621	794.606532	29510.000000	71730.000000	377.284160
748.641746	794.606604	17950.000000	68740.000000	377.284126
742.231732	794.606779	25730.000000	70900.000000	377.284043
753.618528	794.606839	34660.000000	69450.000000	377.284014
751.871084	794.606863	38280.000000	70730.000000	377.284003
742.533178	794.606886	37860.000000	71170.000000	377.283992
736.802332	794.606901	38590.000000	71050.000000	377.283985
